0.000000 -0.816159 0.310975 0.000000 0.086350 0.120811 2.789293 
0.000000 1.400308 0.458019 0.000000 0.162129 0.069557 2.658052 
0.000000 -0.188521 0.674151 0.000000 0.090864 -0.082569 3.030934 
0.000000 -1.214578 -0.917150 0.000000 0.055573 0.160929 2.438315 
0.000000 -1.071118 -1.101452 0.000000 0.124937 0.073484 2.755274 
0.000000 1.116076 0.111402 0.000000 0.137095 0.003080 2.745409 
0.000000 0.747480 0.814415 0.000000 0.148526 -0.043614 2.850001 
0.000000 -0.971845 -1.237585 0.000000 0.094754 -0.010724 2.948162 
0.000000 1.408854 0.049897 0.000000 0.096593 0.065538 2.766115 
0.000000 -1.031088 -0.267909 0.000000 0.162736 -0.029158 2.761128 
0.000000 -0.191130 -0.261564 0.000000 0.142676 0.162440 2.509682 
0.000000 -0.403099 -0.071367 0.000000 0.167570 -0.194228 2.990700 
0.000000 0.932346 0.014455 0.000000 0.123624 0.136793 2.611808 
0.000000 0.161344 -0.234095 0.000000 0.118427 -0.143839 2.693008 
0.000000 -0.653232 -0.754115 0.000000 0.144802 -0.143791 2.951106 
0.000000 -0.631948 0.044923 0.000000 0.058635 0.082624 2.472290 
0.000000 -1.170720 -0.563196 0.000000 0.173352 -0.020606 2.743050 
0.000000 -0.035140 0.434141 0.000000 0.099330 0.252381 2.528220 
0.000000 -1.451203 -0.206201 0.000000 0.101431 0.179141 2.598146 
0.000000 -0.995122 -1.007838 0.000000 0.095047 0.131247 2.596640 
0.000000 1.212640 0.822177 0.000000 0.136046 -0.228451 2.826241 
0.000000 0.080505 0.422019 0.000000 0.142517 0.002157 2.716622 
0.000000 1.170676 0.615800 0.000000 0.161988 -0.251798 3.026084 
0.000000 -0.446964 0.438607 0.000000 0.094056 0.123022 2.738702 
0.000000 0.788805 0.981968 0.000000 0.123879 -0.119758 2.980174 
0.000000 1.285274 0.888843 0.000000 0.130943 0.265040 2.469558 
0.000000 0.441514 -0.301123 0.000000 0.081099 0.080539 2.599042 
0.000000 -0.434907 0.160367 0.000000 0.140707 0.023362 2.687827 
0.000000 -0.396068 -0.721029 0.000000 0.125470 -0.037187 2.805440 
0.000000 -0.328435 -0.657156 0.000000 0.126163 -0.182582 2.950739 
0.000000 -0.678565 -0.475885 0.000000 0.145505 0.137552 2.522565 
0.000000 -0.436381 0.119654 0.000000 0.156026 -0.056362 2.815673 
0.000000 -0.566922 -0.809027 0.000000 0.132167 -0.164848 3.018960 
0.000000 1.566051 0.168152 0.000000 0.116007 0.069385 2.780203 
0.000000 -1.529265 -0.395625 0.000000 0.114848 -0.150580 2.720051 
0.000000 -0.854042 0.108673 0.000000 0.128890 0.014178 2.787358 
0.000000 1.551258 1.051696 0.000000 0.128350 0.202681 2.497396 
0.000000 0.379768 0.636181 0.000000 0.093811 -0.007047 2.605334 
0.000000 -0.220622 0.101764 0.000000 0.121823 -0.038362 2.577072 
0.000000 -0.371249 -0.868376 0.000000 0.072324 0.126630 2.719299 
0.000000 1.451528 1.431486 0.000000 0.083508 -0.085981 2.893661 
0.000000 0.135906 0.496981 0.000000 0.145211 0.073847 2.704512 
0.000000 -0.310275 -0.796668 0.000000 0.084906 0.016178 2.746268 
0.000000 0.675905 1.002590 0.000000 0.084130 0.051111 2.752158 
0.000000 0.067292 0.027883 0.000000 0.171079 0.009605 8.628563 
0.000000 -1.506546 -0.659520 0.000000 0.167769 -0.159105 2.912377 
0.000000 0.126818 0.375529 0.000000 0.091007 -0.102872 2.567070 
0.000000 0.620488 0.919668 0.000000 0.113236 0.100653 2.744035 
0.000000 -1.430274 -1.425517 0.000000 0.081795 0.059751 2.796672 
0.000000 0.456318 0.126931 0.000000 0.172050 -0.145710 2.928899 
0.000000 0.763232 0.690790 0.000000 0.160508 -0.150295 2.966351 
0.000000 -1.504301 -1.404275 0.000000 0.079343 0.221117 2.672785 
0.000000 -0.524827 -0.530174 0.000000 0.157788 0.052093 2.667011 
0.000000 0.284484 -0.583678 0.000000 0.093861 -0.132708 3.030992 
0.000000 -1.347727 -0.423970 0.000000 0.127334 -0.020015 2.597904 
0.000000 -0.584239 -0.664125 0.000000 0.153153 0.036598 2.726332 
0.000000 0.006104 0.513724 0.000000 0.088818 0.059658 2.612184 
0.000000 0.283153 -0.340593 0.000000 0.143907 -0.091636 2.932976 
0.000000 1.015161 0.936002 0.000000 0.134302 0.074422 2.663046 
0.000000 0.129731 -0.204171 0.000000 0.160911 0.000158 2.731349 
0.000000 0.923075 0.960531 0.000000 0.134092 -0.056147 2.843790 
0.000000 0.972900 0.903814 0.000000 0.144935 -0.041532 2.802826 
0.000000 -1.140002 -0.232491 0.000000 0.130008 -0.180191 2.807650 
0.000000 -1.420697 -0.189197 0.000000 0.125417 0.036218 2.739325 
0.000000 1.248448 0.076971 0.000000 0.114073 0.031353 2.727275 
0.000000 0.393330 0.285919 0.000000 0.129390 -0.093038 2.609918 
0.000000 0.885783 0.430988 0.000000 0.170755 -0.136140 3.502078 
0.000000 -0.409817 -0.746213 0.000000 0.129613 -0.116639 2.946885 
0.000000 -1.512328 -1.509113 0.000000 0.093010 0.022822 2.914616 
0.000000 1.421886 1.347401 0.000000 0.079038 0.225279 2.656488 
0.000000 0.488511 -0.107609 0.000000 0.107507 0.270399 2.479130 
0.000000 1.011698 0.182210 0.000000 0.161084 -0.074056 2.861092 
0.000000 1.242011 0.433816 0.000000 0.149288 -0.186966 2.846239 
0.000000 1.525237 1.273429 0.000000 0.127353 -0.136341 2.916508 
0.000000 0.971740 0.958716 0.000000 0.078693 0.190936 2.533146 
0.000000 1.539203 1.314157 0.000000 0.053275 0.203362 2.565770 
0.000000 0.352448 -0.312042 0.000000 0.116488 -0.030883 2.725282 
0.000000 0.129967 -0.231074 0.000000 0.151323 0.077895 2.635630 
0.000000 1.552411 0.278106 0.000000 0.115579 -0.087932 2.779968 
0.000000 0.493900 0.751689 0.000000 0.127276 0.059445 2.713147 
0.000000 -1.199217 -0.361896 0.000000 0.166790 -0.053916 2.810745 
0.000000 1.041743 -0.134682 0.000000 0.114114 -0.110299 3.010264 
0.000000 0.655507 0.019925 0.000000 0.118741 0.095252 2.535484 
0.000000 -0.491411 -0.272645 0.000000 0.175015 -0.078410 2.829430 
0.000000 0.857512 0.342919 0.000000 0.149656 0.067642 2.566983 
0.000000 1.346300 0.446979 0.000000 0.158403 -0.173130 2.919645 
0.000000 0.088739 0.575689 0.000000 0.124877 -0.152416 2.949973 
0.000000 -0.091986 0.560002 0.000000 0.094529 0.023256 2.730708 
0.000000 -1.502794 -0.538584 0.000000 0.137550 0.075842 2.555685 
0.000000 0.323933 0.835508 0.000000 0.050041 0.115165 2.686821 
0.000000 0.387903 -0.416437 0.000000 0.110089 -0.197705 3.032168 
0.000000 -1.050796 -0.475292 0.000000 0.164631 -0.214260 2.976796 
0.000000 -0.911058 -0.314914 0.000000 0.136741 0.177081 2.484026 
0.000000 0.601964 -0.439811 0.000000 0.087015 -0.091815 2.970938 
0.000000 -0.138441 0.241107 0.000000 0.145890 -0.039352 2.720822 
0.000000 -0.548495 -0.428098 0.000000 0.111642 0.306636 2.411472 
0.000000 1.144876 0.932170 0.000000 0.155725 -0.084048 2.869736 
0.000000 -0.852366 -0.007067 0.000000 0.113044 0.199000 2.542303 
0.000000 -1.274480 -1.031478 0.000000 0.150173 -0.135737 2.942122 
0.000000 0.379353 0.709449 0.000000 0.136574 -0.093270 2.932820 
