0.001491 0.000000 0.000000 0.007453 0.000000 0.000000 5.857889 0.110490 
0.002108 0.000000 0.000000 0.010540 0.000000 0.000000 5.672323 0.080575 
0.002582 0.000000 0.000000 0.012909 0.000000 0.000000 6.267447 0.172391 
0.002981 0.000000 0.000000 0.014906 0.000000 0.000000 5.568565 0.113641 
0.003333 0.000000 0.000000 0.016665 0.000000 0.000000 4.887208 0.000000 
0.003651 0.000000 0.000000 0.018256 0.000000 0.000000 4.891381 0.000000 
0.003944 0.000000 0.000000 0.019719 0.000000 0.000000 4.895535 0.000000 
0.004216 0.000000 0.000000 0.021080 0.000000 0.000000 4.899635 0.000000 
0.004472 0.000000 0.000000 0.022359 0.000000 0.000000 4.903878 0.000000 
0.004714 0.000000 0.000000 0.023568 0.000000 0.000000 4.908093 0.000000 
0.004944 0.000000 0.000000 0.024719 0.000000 0.000000 4.912332 0.000000 
0.005164 0.000000 0.000000 0.025818 0.000000 0.000000 4.916468 0.000000 
0.005375 0.000000 0.000000 0.026872 0.000000 0.000000 4.920812 0.000000 
0.005578 0.000000 0.000000 0.027886 0.000000 0.000000 4.925061 0.000000 
0.005773 0.000000 0.000000 0.028865 0.000000 0.000000 4.929379 0.000000 
0.005963 0.000000 0.000000 0.029812 0.000000 0.000000 4.933661 0.000000 
0.006146 0.000000 0.000000 0.030729 0.000000 0.000000 4.937966 0.000000 
0.006324 0.000000 0.000000 0.031620 0.000000 0.000000 4.942343 0.000000 
0.006498 0.000000 0.000000 0.032487 0.000000 0.000000 4.946677 0.000000 
0.006666 0.000000 0.000000 0.033331 0.000000 0.000000 4.951045 0.000000 
0.006831 0.000000 0.000000 0.034154 0.000000 0.000000 4.955489 0.000000 
0.006992 0.000000 0.000000 0.034957 0.000000 0.000000 4.959856 0.000000 
0.007149 0.000000 0.000000 0.035743 0.000000 0.000000 4.964289 0.000000 
0.007303 0.000000 0.000000 0.036512 0.000000 0.000000 4.968744 0.000000 
0.007453 0.000000 0.000000 0.037265 0.000000 0.000000 4.973284 0.000000 
0.007601 0.000000 0.000000 0.038003 0.000000 0.000000 4.977680 0.000000 
0.007746 0.000000 0.000000 0.038727 0.000000 0.000000 4.982140 0.000000 
0.007888 0.000000 0.000000 0.039437 0.000000 0.000000 4.986689 0.000000 
0.008028 0.000000 0.000000 0.040135 0.000000 0.000000 4.991244 0.000000 
0.008165 0.000000 0.000000 0.040821 0.000000 0.000000 4.995766 0.000000 
0.008300 0.000000 0.000000 0.041496 0.000000 0.000000 5.000338 0.000000 
0.008433 0.000000 0.000000 0.042160 0.000000 0.000000 5.004937 0.000000 
0.008563 0.000000 0.000000 0.042814 0.000000 0.000000 5.009519 0.000000 
0.008692 0.000000 0.000000 0.043458 0.000000 0.000000 5.014158 0.000000 
0.008819 0.000000 0.000000 0.044092 0.000000 0.000000 5.018848 0.000000 
0.008944 0.000000 0.000000 0.044718 0.000000 0.000000 5.023520 0.000000 
0.009067 0.000000 0.000000 0.045334 0.000000 0.000000 5.028204 0.000000 
0.009189 0.000000 0.000000 0.045943 0.000000 0.000000 5.032887 0.000000 
0.009309 0.000000 0.000000 0.046544 0.000000 0.000000 5.037668 0.000000 
0.009428 0.000000 0.000000 0.047137 0.000000 0.000000 5.042413 0.000000 
0.009545 0.000000 0.000000 0.047722 0.000000 0.000000 5.047056 0.000000 
0.009661 0.000000 0.000000 0.048301 0.000000 0.000000 5.051935 0.000000 
0.009775 0.000000 0.000000 0.048872 0.000000 0.000000 5.056784 0.000000 
0.009888 0.000000 0.000000 0.049437 0.000000 0.000000 5.061618 0.000000 
0.010000 0.000000 0.000000 0.049996 0.000000 0.000000 5.066377 0.000000 
0.010110 0.000000 0.000000 0.050548 0.000000 0.000000 5.071341 0.000000 
0.010220 0.000000 0.000000 0.051095 0.000000 0.000000 5.076246 0.000000 
0.010328 0.000000 0.000000 0.051635 0.000000 0.000000 5.081144 0.000000 
0.010435 0.000000 0.000000 0.052171 0.000000 0.000000 5.086086 0.000000 
0.010541 0.000000 0.000000 0.052700 0.000000 0.000000 5.091035 0.000000 
0.010646 0.000000 0.000000 0.053225 0.000000 0.000000 5.096040 0.000000 
0.010749 0.000000 0.000000 0.053744 0.000000 0.000000 5.101060 0.000000 
0.010852 0.000000 0.000000 0.054258 0.000000 0.000000 5.106096 0.000000 
0.010954 0.000000 0.000000 0.054768 0.000000 0.000000 5.111151 0.000000 
0.011055 0.000000 0.000000 0.055272 0.000000 0.000000 5.116201 0.000000 
0.011155 0.000000 0.000000 0.055773 0.000000 0.000000 5.121260 0.000000 
0.011254 0.000000 0.000000 0.056268 0.000000 0.000000 5.126443 0.000000 
0.011353 0.000000 0.000000 0.056760 0.000000 0.000000 5.131638 0.000000 
0.011450 0.000000 0.000000 0.057247 0.000000 0.000000 5.136746 0.000000 
0.011547 0.000000 0.000000 0.057730 0.000000 0.000000 5.141968 0.000000 
0.011643 0.000000 0.000000 0.058209 0.000000 0.000000 5.147150 0.000000 
0.011738 0.000000 0.000000 0.058684 0.000000 0.000000 5.152424 0.000000 
0.011832 0.000000 0.000000 0.059156 0.000000 0.000000 5.157676 0.000000 
0.011925 0.000000 0.000000 0.059624 0.000000 0.000000 5.162993 0.000000 
0.012018 0.000000 0.000000 0.060088 0.000000 0.000000 5.168334 0.000000 
0.012110 0.000000 0.000000 0.060548 0.000000 0.000000 5.173671 0.000000 
0.012202 0.000000 0.000000 0.061005 0.000000 0.000000 5.178988 0.000000 
0.012292 0.000000 0.000000 0.061459 0.000000 0.000000 5.184411 0.000000 
0.012382 0.000000 0.000000 0.061909 0.000000 0.000000 5.189829 0.000000 
0.012472 0.000000 0.000000 0.062356 0.000000 0.000000 5.195242 0.000000 
0.012561 0.000000 0.000000 0.062800 0.000000 0.000000 5.200750 0.000000 
0.012649 0.000000 0.000000 0.063240 0.000000 0.000000 5.206276 0.000000 
0.012736 0.000000 0.000000 0.063678 0.000000 0.000000 5.211769 0.000000 
0.012823 0.000000 0.000000 0.064113 0.000000 0.000000 5.217345 0.000000 
0.012910 0.000000 0.000000 0.064544 0.000000 0.000000 5.222897 0.000000 
0.012995 0.000000 0.000000 0.064973 0.000000 0.000000 5.228507 0.000000 
0.013081 0.000000 0.000000 0.065399 0.000000 0.000000 5.234122 0.000000 
0.013165 0.000000 0.000000 0.065823 0.000000 0.000000 5.239843 0.000000 
0.013249 0.000000 0.000000 0.066243 0.000000 0.000000 5.245510 0.000000 
0.013333 0.000000 0.000000 0.066661 0.000000 0.000000 5.251271 0.000000 
0.013416 0.000000 0.000000 0.067076 0.000000 0.000000 5.256990 0.000000 
0.013499 0.000000 0.000000 0.067489 0.000000 0.000000 5.262760 0.000000 
0.013581 0.000000 0.000000 0.067900 0.000000 0.000000 5.268555 0.000000 
0.013662 0.000000 0.000000 0.068307 0.000000 0.000000 5.274394 0.000000 
0.013743 0.000000 0.000000 0.068713 0.000000 0.000000 5.280306 0.000000 
0.013824 0.000000 0.000000 0.069116 0.000000 0.000000 5.286171 0.000000 
0.013904 0.000000 0.000000 0.069516 0.000000 0.000000 5.292083 0.000000 
0.013984 0.000000 0.000000 0.069915 0.000000 0.000000 5.298084 0.000000 
0.014063 0.000000 0.000000 0.070311 0.000000 0.000000 5.304060 0.000000 
0.014142 0.000000 0.000000 0.070705 0.000000 0.000000 5.310065 0.000000 
0.014220 0.000000 0.000000 0.071097 0.000000 0.000000 5.316158 0.000000 
0.014298 0.000000 0.000000 0.071486 0.000000 0.000000 5.322237 0.000000 
0.014376 0.000000 0.000000 0.071874 0.000000 0.000000 5.328352 0.000000 
0.014453 0.000000 0.000000 0.072259 0.000000 0.000000 5.334503 0.000000 
0.014529 0.000000 0.000000 0.072642 0.000000 0.000000 5.340687 0.000000 
0.014606 0.000000 0.000000 0.073024 0.000000 0.000000 5.346892 0.000000 
0.014681 0.000000 0.000000 0.073403 0.000000 0.000000 5.353180 0.000000 
0.014757 0.000000 0.000000 0.073780 0.000000 0.000000 5.359443 0.000000 
0.014832 0.000000 0.000000 0.074156 0.000000 0.000000 5.365801 0.000000 
0.014907 0.000000 0.000000 0.074529 0.000000 0.000000 5.372140 0.000000 
0.014981 0.000000 0.000000 0.074901 0.000000 0.000000 5.378513 0.000000 
0.015055 0.000000 0.000000 0.075271 0.000000 0.000000 5.384985 0.000000 
0.015129 0.000000 0.000000 0.075639 0.000000 0.000000 5.391414 0.000000 
0.015202 0.000000 0.000000 0.076005 0.000000 0.000000 5.397911 0.000000 
0.015275 0.000000 0.000000 0.076370 0.000000 0.000000 5.404477 0.000000 
0.015347 0.000000 0.000000 0.076733 0.000000 0.000000 5.411015 0.000000 
0.015420 0.000000 0.000000 0.077094 0.000000 0.000000 5.417627 0.000000 
0.015492 0.000000 0.000000 0.077453 0.000000 0.000000 5.424306 0.000000 
0.015563 0.000000 0.000000 0.077811 0.000000 0.000000 5.430982 0.000000 
0.015634 0.000000 0.000000 0.078167 0.000000 0.000000 5.437664 0.000000 
0.015705 0.000000 0.000000 0.078522 0.000000 0.000000 5.444499 0.000000 
0.015776 0.000000 0.000000 0.078874 0.000000 0.000000 6.172825 0.077681 
0.015846 0.000000 0.000000 0.079226 0.000000 0.000000 7.230074 0.183178 
0.015916 0.000000 0.000000 0.079576 0.000000 0.000000 6.296421 0.264444 
0.015986 0.000000 0.000000 0.079924 0.000000 0.000000 5.471825 0.000000 
0.016055 0.000000 0.000000 0.080271 0.000000 0.000000 6.110870 0.074168 
0.016124 0.000000 0.000000 0.080616 0.000000 0.000000 5.907814 0.045004 
0.016193 0.000000 0.000000 0.080960 0.000000 0.000000 5.492943 0.000002 
0.016261 0.000000 0.000000 0.081302 0.000000 0.000000 6.641276 0.137443 
0.016329 0.000000 0.000000 0.081643 0.000000 0.000000 7.023312 0.192138 
0.016397 0.000000 0.000000 0.081982 0.000000 0.000000 5.514268 0.000001 
0.016465 0.000000 0.000000 0.082320 0.000000 0.000000 6.721884 0.098278 
0.016532 0.000000 0.000000 0.082657 0.000000 0.000000 7.625294 0.327118 
0.016599 0.000000 0.000000 0.082992 0.000000 0.000000 5.951859 0.043346 
0.016666 0.000000 0.000000 0.083326 0.000000 0.000000 6.354111 0.076355 
0.016733 0.000000 0.000000 0.083659 0.000000 0.000000 6.834081 0.192322 
0.016799 0.000000 0.000000 0.083990 0.000000 0.000000 5.558360 0.000000 
0.016865 0.000000 0.000000 0.084320 0.000000 0.000000 6.401832 0.170717 
0.016931 0.000000 0.000000 0.084649 0.000000 0.000000 6.652896 0.120394 
0.016996 0.000000 0.000000 0.084977 0.000000 0.000000 6.717066 0.097136 
0.017062 0.000000 0.000000 0.085303 0.000000 0.000000 5.588295 0.000000 
0.017127 0.000000 0.000000 0.085628 0.000000 0.000000 6.087048 0.050409 
0.017191 0.000000 0.000000 0.085951 0.000000 0.000000 6.095563 0.050406 
0.017256 0.000000 0.000000 0.086274 0.000000 0.000000 5.611920 0.000000 
0.017320 0.000000 0.000000 0.086595 0.000000 0.000000 6.574971 0.121379 
0.017384 0.000000 0.000000 0.086915 0.000000 0.000000 6.528484 0.088245 
0.017448 0.000000 0.000000 0.087234 0.000000 0.000000 5.635456 0.000000 
0.017511 0.000000 0.000000 0.087552 0.000000 0.000000 6.933693 0.098019 
0.017575 0.000000 0.000000 0.087869 0.000000 0.000000 7.892587 0.193540 
0.017638 0.000000 0.000000 0.088184 0.000000 0.000000 7.056308 0.253634 
0.017701 0.000000 0.000000 0.088499 0.000000 0.000000 7.832027 0.513832 
0.017763 0.000000 0.000000 0.088812 0.000000 0.000000 5.676171 0.000000 
0.017826 0.000000 0.000000 0.089124 0.000000 0.000000 8.749598 0.063450 
0.017888 0.000000 0.000000 0.089435 0.000000 0.000000 7.969943 0.823838 
0.017950 0.000000 0.000000 0.089745 0.000000 0.000000 5.701246 0.000000 
0.018012 0.000000 0.000000 0.090054 0.000000 0.000000 5.709665 0.000001 
0.018073 0.000000 0.000000 0.090362 0.000000 0.000000 5.718386 0.000001 
0.018135 0.000000 0.000000 0.090669 0.000000 0.000000 5.727222 0.000000 
0.018196 0.000000 0.000000 0.090975 0.000000 0.000000 5.735681 0.000000 
