0.007448 0.000000 0.000000 0.007438 0.000000 0.000000 4.870978 0.000000 
0.010534 0.000000 0.000000 0.010519 0.000000 0.000000 4.875060 0.000000 
0.012901 0.000000 0.000000 0.012883 0.000000 0.000000 4.879153 0.000000 
0.014897 0.000000 0.000000 0.014876 0.000000 0.000000 4.883261 0.000000 
0.016655 0.000000 0.000000 0.016632 0.000000 0.000000 4.887397 0.000000 
0.018245 0.000000 0.000000 0.018219 0.000000 0.000000 4.891534 0.000000 
0.019707 0.000000 0.000000 0.019679 0.000000 0.000000 4.895692 0.000000 
0.021067 0.000000 0.000000 0.021038 0.000000 0.000000 4.899861 0.000000 
0.022345 0.000000 0.000000 0.022314 0.000000 0.000000 4.904054 0.000000 
0.023554 0.000000 0.000000 0.023521 0.000000 0.000000 4.908259 0.000000 
0.024703 0.000000 0.000000 0.024669 0.000000 0.000000 4.912480 0.000000 
0.025802 0.000000 0.000000 0.025766 0.000000 0.000000 4.916719 0.000000 
0.026856 0.000000 0.000000 0.026818 0.000000 0.000000 4.920973 0.000000 
0.027869 0.000000 0.000000 0.027831 0.000000 0.000000 4.925245 0.000000 
0.028847 0.000000 0.000000 0.028807 0.000000 0.000000 4.929533 0.000000 
0.029794 0.000000 0.000000 0.029752 0.000000 0.000000 4.933836 0.000000 
0.030710 0.000000 0.000000 0.030668 0.000000 0.000000 4.938160 0.000000 
0.031601 0.000000 0.000000 0.031557 0.000000 0.000000 4.942498 0.000000 
0.032467 0.000000 0.000000 0.032422 0.000000 0.000000 4.946856 0.000000 
0.033310 0.000000 0.000000 0.033264 0.000000 0.000000 4.951229 0.000000 
0.034133 0.000000 0.000000 0.034085 0.000000 0.000000 4.955620 0.000000 
0.034936 0.000000 0.000000 0.034887 0.000000 0.000000 4.960030 0.000000 
0.035721 0.000000 0.000000 0.035672 0.000000 0.000000 4.964456 0.000000 
0.036489 0.000000 0.000000 0.036439 0.000000 0.000000 4.968902 0.000000 
0.037242 0.000000 0.000000 0.037190 0.000000 0.000000 4.973364 0.000000 
0.037979 0.000000 0.000000 0.037927 0.000000 0.000000 4.977846 0.000000 
0.038703 0.000000 0.000000 0.038649 0.000000 0.000000 4.982349 0.000000 
0.039413 0.000000 0.000000 0.039358 0.000000 0.000000 4.986863 0.000000 
0.040111 0.000000 0.000000 0.040055 0.000000 0.000000 4.991399 0.000000 
0.040796 0.000000 0.000000 0.040740 0.000000 0.000000 4.995956 0.000000 
0.041471 0.000000 0.000000 0.041413 0.000000 0.000000 5.000529 0.000000 
0.042134 0.000000 0.000000 0.042076 0.000000 0.000000 5.005121 0.000000 
0.042788 0.000000 0.000000 0.042728 0.000000 0.000000 5.009735 0.000000 
0.043431 0.000000 0.000000 0.043371 0.000000 0.000000 5.014368 0.000000 
0.044065 0.000000 0.000000 0.044004 0.000000 0.000000 5.019014 0.000000 
0.044690 0.000000 0.000000 0.044628 0.000000 0.000000 5.023691 0.000000 
0.045307 0.000000 0.000000 0.045244 0.000000 0.000000 5.028382 0.000000 
0.045915 0.000000 0.000000 0.045851 0.000000 0.000000 5.033094 0.000000 
0.046515 0.000000 0.000000 0.046451 0.000000 0.000000 5.037824 0.000000 
0.047108 0.000000 0.000000 0.047042 0.000000 0.000000 5.042580 0.000000 
0.047693 0.000000 0.000000 0.047627 0.000000 0.000000 5.047348 0.000000 
0.048271 0.000000 0.000000 0.048204 0.000000 0.000000 5.052141 0.000000 
0.048842 0.000000 0.000000 0.048774 0.000000 0.000000 5.056954 0.000000 
0.049407 0.000000 0.000000 0.049338 0.000000 0.000000 5.061790 0.000000 
0.049965 0.000000 0.000000 0.049896 0.000000 0.000000 5.066640 0.000000 
0.050517 0.000000 0.000000 0.050447 0.000000 0.000000 5.071523 0.000000 
0.051064 0.000000 0.000000 0.050993 0.000000 0.000000 5.076421 0.000000 
0.051604 0.000000 0.000000 0.051532 0.000000 0.000000 5.081341 0.000000 
0.052139 0.000000 0.000000 0.052066 0.000000 0.000000 5.086283 0.000000 
0.052668 0.000000 0.000000 0.052595 0.000000 0.000000 5.091248 0.000000 
0.053192 0.000000 0.000000 0.053118 0.000000 0.000000 5.096236 0.000000 
0.053711 0.000000 0.000000 0.053636 0.000000 0.000000 5.101245 0.000000 
0.054225 0.000000 0.000000 0.054150 0.000000 0.000000 5.106275 0.000000 
0.054734 0.000000 0.000000 0.054658 0.000000 0.000000 5.111330 0.000000 
0.055239 0.000000 0.000000 0.055162 0.000000 0.000000 5.116405 0.000000 
0.055739 0.000000 0.000000 0.055661 0.000000 0.000000 5.121506 0.000000 
0.056234 0.000000 0.000000 0.056156 0.000000 0.000000 5.126634 0.000000 
0.056725 0.000000 0.000000 0.056646 0.000000 0.000000 5.131778 0.000000 
0.057212 0.000000 0.000000 0.057133 0.000000 0.000000 5.136950 0.000000 
0.057695 0.000000 0.000000 0.057615 0.000000 0.000000 5.142143 0.000000 
0.058174 0.000000 0.000000 0.058093 0.000000 0.000000 5.147362 0.000000 
0.058649 0.000000 0.000000 0.058567 0.000000 0.000000 5.152607 0.000000 
0.059120 0.000000 0.000000 0.059038 0.000000 0.000000 5.157876 0.000000 
0.059587 0.000000 0.000000 0.059504 0.000000 0.000000 5.163169 0.000000 
0.060051 0.000000 0.000000 0.059967 0.000000 0.000000 5.168486 0.000000 
0.060511 0.000000 0.000000 0.060427 0.000000 0.000000 5.173824 0.000000 
0.060968 0.000000 0.000000 0.060883 0.000000 0.000000 5.179198 0.000000 
0.061421 0.000000 0.000000 0.061336 0.000000 0.000000 5.184594 0.000000 
0.061871 0.000000 0.000000 0.061785 0.000000 0.000000 5.190014 0.000000 
0.062318 0.000000 0.000000 0.062231 0.000000 0.000000 5.195461 0.000000 
0.062761 0.000000 0.000000 0.062674 0.000000 0.000000 5.200933 0.000000 
0.063202 0.000000 0.000000 0.063114 0.000000 0.000000 5.206432 0.000000 
0.063639 0.000000 0.000000 0.063551 0.000000 0.000000 5.211959 0.000000 
0.064073 0.000000 0.000000 0.063984 0.000000 0.000000 5.217514 0.000000 
0.064505 0.000000 0.000000 0.064415 0.000000 0.000000 5.223095 0.000000 
0.064934 0.000000 0.000000 0.064843 0.000000 0.000000 5.228702 0.000000 
0.065359 0.000000 0.000000 0.065269 0.000000 0.000000 5.234339 0.000000 
0.065782 0.000000 0.000000 0.065691 0.000000 0.000000 5.240004 0.000000 
0.066203 0.000000 0.000000 0.066111 0.000000 0.000000 5.245695 0.000000 
0.066620 0.000000 0.000000 0.066528 0.000000 0.000000 5.251421 0.000000 
0.067035 0.000000 0.000000 0.066942 0.000000 0.000000 5.257178 0.000000 
0.067448 0.000000 0.000000 0.067354 0.000000 0.000000 5.262952 0.000000 
0.067858 0.000000 0.000000 0.067764 0.000000 0.000000 5.268768 0.000000 
0.068266 0.000000 0.000000 0.068171 0.000000 0.000000 5.274601 0.000000 
0.068671 0.000000 0.000000 0.068575 0.000000 0.000000 5.280466 0.000000 
0.069073 0.000000 0.000000 0.068978 0.000000 0.000000 5.286371 0.000000 
0.069474 0.000000 0.000000 0.069377 0.000000 0.000000 5.292301 0.000000 
0.069872 0.000000 0.000000 0.069775 0.000000 0.000000 5.298263 0.000000 
0.070268 0.000000 0.000000 0.070170 0.000000 0.000000 5.304251 0.000000 
0.070662 0.000000 0.000000 0.070563 0.000000 0.000000 5.310279 0.000000 
0.071053 0.000000 0.000000 0.070954 0.000000 0.000000 5.316333 0.000000 
0.071442 0.000000 0.000000 0.071343 0.000000 0.000000 5.322424 0.000000 
0.071830 0.000000 0.000000 0.071730 0.000000 0.000000 5.328551 0.000000 
0.072215 0.000000 0.000000 0.072115 0.000000 0.000000 5.334702 0.000000 
0.072598 0.000000 0.000000 0.072497 0.000000 0.000000 5.340882 0.000000 
0.072979 0.000000 0.000000 0.072878 0.000000 0.000000 5.347109 0.000000 
0.073358 0.000000 0.000000 0.073256 0.000000 0.000000 5.353365 0.000000 
0.073735 0.000000 0.000000 0.073633 0.000000 0.000000 5.359651 0.000000 
0.074111 0.000000 0.000000 0.074008 0.000000 0.000000 5.365975 0.000000 
0.074484 0.000000 0.000000 0.074380 0.000000 0.000000 5.372332 0.000000 
0.074855 0.000000 0.000000 0.074751 0.000000 0.000000 5.378726 0.000000 
0.075225 0.000000 0.000000 0.075121 0.000000 0.000000 5.385155 0.000000 
0.075593 0.000000 0.000000 0.075488 0.000000 0.000000 5.391620 0.000000 
0.075959 0.000000 0.000000 0.075853 0.000000 0.000000 5.398121 0.000000 
0.076323 0.000000 0.000000 0.076217 0.000000 0.000000 5.404660 0.000000 
0.076686 0.000000 0.000000 0.076579 0.000000 0.000000 5.411235 0.000000 
0.077047 0.000000 0.000000 0.076940 0.000000 0.000000 5.417847 0.000000 
0.077406 0.000000 0.000000 0.077298 0.000000 0.000000 5.424500 0.000000 
0.077763 0.000000 0.000000 0.077655 0.000000 0.000000 5.431189 0.000000 
0.078119 0.000000 0.000000 0.078011 0.000000 0.000000 5.437918 0.000000 
0.078474 0.000000 0.000000 0.078365 0.000000 0.000000 5.444685 0.000000 
0.078826 0.000000 0.000000 0.078717 0.000000 0.000000 5.451492 0.000000 
0.079177 0.000000 0.000000 0.079068 0.000000 0.000000 5.458340 0.000000 
0.079527 0.000000 0.000000 0.079417 0.000000 0.000000 5.465227 0.000000 
0.079875 0.000000 0.000000 0.079764 0.000000 0.000000 5.472150 0.000000 
0.080222 0.000000 0.000000 0.080110 0.000000 0.000000 5.479117 0.000000 
0.080567 0.000000 0.000000 0.080455 0.000000 0.000000 5.486128 0.000000 
0.080910 0.000000 0.000000 0.080798 0.000000 0.000000 5.493183 0.000000 
0.081252 0.000000 0.000000 0.081139 0.000000 0.000000 5.500282 0.000000 
0.081593 0.000000 0.000000 0.081480 0.000000 0.000000 5.507421 0.000000 
0.081932 0.000000 0.000000 0.081819 0.000000 0.000000 5.514604 0.000000 
0.082270 0.000000 0.000000 0.082156 0.000000 0.000000 5.521837 0.000000 
0.082607 0.000000 0.000000 0.082492 0.000000 0.000000 5.529112 0.000000 
0.082942 0.000000 0.000000 0.082827 0.000000 0.000000 5.536427 0.000000 
0.083275 0.000000 0.000000 0.083160 0.000000 0.000000 5.543785 0.000000 
0.083608 0.000000 0.000000 0.083492 0.000000 0.000000 5.551205 0.000000 
0.083939 0.000000 0.000000 0.083823 0.000000 0.000000 5.558657 0.000000 
0.084269 0.000000 0.000000 0.084152 0.000000 0.000000 5.566169 0.000000 
0.084597 0.000000 0.000000 0.084480 0.000000 0.000000 5.573722 0.000000 
0.084925 0.000000 0.000000 0.084807 0.000000 0.000000 5.581327 0.000000 
0.085251 0.000000 0.000000 0.085132 0.000000 0.000000 5.588975 0.000000 
0.085575 0.000000 0.000000 0.085457 0.000000 0.000000 5.596681 0.000000 
0.085899 0.000000 0.000000 0.085780 0.000000 0.000000 5.604436 0.000000 
0.086221 0.000000 0.000000 0.086102 0.000000 0.000000 5.612237 0.000000 
0.086542 0.000000 0.000000 0.086422 0.000000 0.000000 5.620095 0.000000 
0.086862 0.000000 0.000000 0.086742 0.000000 0.000000 5.627999 0.000000 
0.087181 0.000000 0.000000 0.087060 0.000000 0.000000 5.635973 0.000000 
0.087499 0.000000 0.000000 0.087377 0.000000 0.000000 5.643978 0.000000 
0.087815 0.000000 0.000000 0.087693 0.000000 0.000000 5.652043 0.000000 
0.088131 0.000000 0.000000 0.088008 0.000000 0.000000 5.660173 0.000000 
0.088445 0.000000 0.000000 0.088322 0.000000 0.000000 5.668353 0.000000 
0.088758 0.000000 0.000000 0.088635 0.000000 0.000000 5.676601 0.000000 
0.089070 0.000000 0.000000 0.088946 0.000000 0.000000 5.684876 0.000000 
0.089381 0.000000 0.000000 0.089257 0.000000 0.000000 5.693248 0.000000 
0.089690 0.000000 0.000000 0.089566 0.000000 0.000000 5.701647 0.000000 
0.089999 0.000000 0.000000 0.089874 0.000000 0.000000 5.710118 0.000000 
0.090307 0.000000 0.000000 0.090182 0.000000 0.000000 5.718662 0.000000 
0.090614 0.000000 0.000000 0.090488 0.000000 0.000000 5.727243 0.000000 
0.090919 0.000000 0.000000 0.090793 0.000000 0.000000 5.735899 0.000000 
