0.000000 -0.003086 0.000617 0.000000 -0.015425 0.030850 2.768314 
0.000000 -0.004364 0.000873 0.000000 -0.021814 0.043628 2.748439 
0.000000 -0.005345 0.001069 0.000000 -0.026717 0.053434 2.386781 
0.000000 -0.006171 0.001234 0.000000 -0.030850 0.061700 2.390847 
0.000000 -0.006900 0.001380 0.000000 -0.034491 0.068982 2.394943 
0.000000 -0.007558 0.001512 0.000000 -0.037783 0.075566 2.399069 
0.000000 -0.008164 0.001633 0.000000 -0.040811 0.081621 2.403235 
0.000000 -0.008728 0.001746 0.000000 -0.043628 0.087257 2.407424 
0.000000 -0.009257 0.001851 0.000000 -0.046275 0.092550 2.411647 
0.000000 -0.009758 0.001952 0.000000 -0.048778 0.097556 2.415908 
0.000000 -0.010234 0.002047 0.000000 -0.051159 0.102317 2.420200 
0.000000 -0.010689 0.002138 0.000000 -0.053434 0.106867 2.424531 
0.000000 -0.011126 0.002225 0.000000 -0.055615 0.111231 2.428896 
0.000000 -0.011546 0.002309 0.000000 -0.057715 0.115430 2.433297 
0.000000 -0.011951 0.002390 0.000000 -0.059741 0.119481 2.437732 
0.000000 -0.012343 0.002469 0.000000 -0.061700 0.123399 2.442206 
0.000000 -0.012723 0.002545 0.000000 -0.063599 0.127197 2.446717 
0.000000 -0.013092 0.002618 0.000000 -0.065442 0.130885 2.451266 
0.000000 -0.013450 0.002690 0.000000 -0.067236 0.134471 2.455854 
0.000000 -0.013800 0.002760 0.000000 -0.068982 0.137965 2.460479 
0.000000 -0.014140 0.002828 0.000000 -0.070686 0.141372 2.465147 
0.000000 -0.014473 0.002895 0.000000 -0.072349 0.144699 2.469858 
0.000000 -0.014799 0.002960 0.000000 -0.073975 0.147951 2.474602 
0.000000 -0.015117 0.003023 0.000000 -0.075566 0.151133 2.479396 
0.000000 -0.015429 0.003086 0.000000 -0.077125 0.154249 2.484232 
0.000000 -0.015734 0.003147 0.000000 -0.078652 0.157304 2.489108 
0.000000 -0.016034 0.003207 0.000000 -0.080150 0.160301 2.494028 
0.000000 -0.016328 0.003266 0.000000 -0.081621 0.163242 2.498991 
0.000000 -0.016617 0.003323 0.000000 -0.083066 0.166132 2.504006 
0.000000 -0.016901 0.003380 0.000000 -0.084486 0.168972 2.509065 
0.000000 -0.017180 0.003436 0.000000 -0.085882 0.171765 2.514166 
0.000000 -0.017455 0.003491 0.000000 -0.087257 0.174513 2.519322 
0.000000 -0.017726 0.003545 0.000000 -0.088610 0.177219 2.524524 
0.000000 -0.017993 0.003599 0.000000 -0.089942 0.179884 2.529778 
0.000000 -0.018255 0.003651 0.000000 -0.091255 0.182510 2.535078 
0.000000 -0.018514 0.003703 0.000000 -0.092550 0.185099 2.540433 
0.000000 -0.018770 0.003754 0.000000 -0.093826 0.187652 2.545840 
0.000000 -0.019022 0.003804 0.000000 -0.095086 0.190171 2.551304 
0.000000 -0.019270 0.003854 0.000000 -0.096329 0.192657 2.556813 
0.000000 -0.019516 0.003903 0.000000 -0.097556 0.195112 2.562383 
0.000000 -0.019758 0.003952 0.000000 -0.098768 0.197536 2.568013 
0.000000 -0.019998 0.004000 0.000000 -0.099965 0.199930 2.573696 
0.000000 -0.020234 0.004047 0.000000 -0.101148 0.202296 2.579436 
0.000000 -0.020468 0.004094 0.000000 -0.102317 0.204635 2.585241 
0.000000 -0.020700 0.004140 0.000000 -0.103474 0.206947 2.591102 
0.000000 -0.020928 0.004186 0.000000 -0.104617 0.209234 2.597031 
0.000000 -0.021155 0.004231 0.000000 -0.105748 0.211496 2.603016 
0.000000 -0.021378 0.004276 0.000000 -0.106867 0.213734 2.609070 
0.000000 -0.021600 0.004320 0.000000 -0.107975 0.215949 2.615195 
0.000000 -0.021819 0.004364 0.000000 -0.109071 0.218142 2.621383 
0.000000 -0.022036 0.004407 0.000000 -0.110156 0.220312 2.627639 
0.000000 -0.022251 0.004450 0.000000 -0.111231 0.222462 3.066251 
0.000000 -0.022464 0.004493 0.000000 -0.112295 0.224590 3.014496 
0.000000 -0.022675 0.004535 0.000000 -0.113350 0.226699 3.089195 
0.000000 -0.022884 0.004577 0.000000 -0.114394 0.228789 3.218518 
0.000000 -0.023091 0.004618 0.000000 -0.115430 0.230859 3.513539 
0.000000 -0.023297 0.004659 0.000000 -0.116456 0.232911 3.030388 
0.000000 -0.023500 0.004700 0.000000 -0.117473 0.234946 3.097640 
0.000000 -0.023702 0.004740 0.000000 -0.118481 0.236962 3.155874 
0.000000 -0.023902 0.004780 0.000000 -0.119481 0.238962 3.158935 
0.000000 -0.024100 0.004820 0.000000 -0.120473 0.240945 3.115179 
0.000000 -0.024297 0.004859 0.000000 -0.121456 0.242912 3.349514 
0.000000 -0.024492 0.004898 0.000000 -0.122432 0.244863 3.426744 
0.000000 -0.024686 0.004937 0.000000 -0.123399 0.246799 3.218054 
0.000000 -0.024878 0.004976 0.000000 -0.124360 0.248720 3.918573 
0.000000 -0.025068 0.005014 0.000000 -0.125313 0.250626 4.122454 
0.000000 -0.025258 0.005052 0.000000 -0.126259 0.252517 3.732149 
0.000000 -0.025445 0.005089 0.000000 -0.127197 0.254395 4.847434 
0.000000 -0.025632 0.005126 0.000000 -0.128129 0.256258 4.126708 
0.000000 -0.025817 0.005163 0.000000 -0.129054 0.258109 4.686839 
0.000000 -0.026001 0.005200 0.000000 -0.129973 0.259946 4.595799 
0.000000 -0.026183 0.005237 0.000000 -0.130885 0.261770 3.937013 
0.000000 -0.026364 0.005273 0.000000 -0.131791 0.263581 3.889772 
0.000000 -0.026544 0.005309 0.000000 -0.132690 0.265381 3.966558 
0.000000 -0.026723 0.005345 0.000000 -0.133584 0.267168 4.714216 
0.000000 -0.026901 0.005380 0.000000 -0.134471 0.268943 4.859213 
0.000000 -0.027077 0.005415 0.000000 -0.135353 0.270707 4.862248 
0.000000 -0.027252 0.005450 0.000000 -0.136229 0.272459 4.046527 
0.000000 -0.027426 0.005485 0.000000 -0.137100 0.274200 4.156793 
0.000000 -0.027599 0.005520 0.000000 -0.137965 0.275930 4.023065 
0.000000 -0.027771 0.005554 0.000000 -0.138824 0.277649 3.884840 
0.000000 -0.027942 0.005588 0.000000 -0.139679 0.279357 3.433922 
0.000000 -0.028112 0.005622 0.000000 -0.140528 0.281056 3.424049 
0.000000 -0.028281 0.005656 0.000000 -0.141372 0.282744 3.307581 
0.000000 -0.028449 0.005690 0.000000 -0.142211 0.284422 3.419585 
0.000000 -0.028616 0.005723 0.000000 -0.143045 0.286090 3.449107 
0.000000 -0.028782 0.005756 0.000000 -0.143874 0.287748 3.438921 
0.000000 -0.028946 0.005789 0.000000 -0.144699 0.289397 3.585813 
0.000000 -0.029111 0.005822 0.000000 -0.145519 0.291037 3.396564 
0.000000 -0.029274 0.005855 0.000000 -0.146334 0.292668 3.465090 
0.000000 -0.029436 0.005887 0.000000 -0.147145 0.294289 3.422590 
0.000000 -0.029597 0.005919 0.000000 -0.147951 0.295902 3.545831 
0.000000 -0.029757 0.005951 0.000000 -0.148753 0.297505 3.155731 
0.000000 -0.029917 0.005983 0.000000 -0.149550 0.299101 2.992628 
0.000000 -0.030076 0.006015 0.000000 -0.150344 0.300687 3.004468 
0.000000 -0.030234 0.006047 0.000000 -0.151133 0.302266 3.016549 
0.000000 -0.030391 0.006078 0.000000 -0.151918 0.303836 3.028882 
0.000000 -0.030547 0.006109 0.000000 -0.152699 0.305398 3.041467 
0.000000 -0.030702 0.006140 0.000000 -0.153476 0.306952 3.054314 
0.000000 -0.030857 0.006171 0.000000 -0.154249 0.308499 3.067434 
0.000000 -0.031011 0.006202 0.000000 -0.155019 0.310037 3.080843 
0.000000 -0.031164 0.006233 0.000000 -0.155784 0.311568 3.094550 
0.000000 -0.031317 0.006263 0.000000 -0.156546 0.313092 3.108570 
0.000000 -0.031468 0.006294 0.000000 -0.157304 0.314608 3.122913 
0.000000 -0.031619 0.006324 0.000000 -0.158059 0.316117 3.137589 
0.000000 -0.031769 0.006354 0.000000 -0.158809 0.317619 3.152627 
0.000000 -0.031919 0.006384 0.000000 -0.159557 0.319114 3.168036 
0.000000 -0.032068 0.006414 0.000000 -0.160301 0.320601 3.183834 
0.000000 -0.032216 0.006443 0.000000 -0.161041 0.322082 3.200032 
0.000000 -0.032363 0.006473 0.000000 -0.161778 0.323556 3.216667 
0.000000 -0.032510 0.006502 0.000000 -0.162512 0.325024 3.233753 
0.000000 -0.032656 0.006531 0.000000 -0.163242 0.326484 3.251315 
0.000000 -0.032802 0.006560 0.000000 -0.163969 0.327939 3.269376 
0.000000 -0.032946 0.006589 0.000000 -0.164693 0.329386 3.287965 
0.000000 -0.033091 0.006618 0.000000 -0.165414 0.330828 3.307112 
0.000000 -0.033234 0.006647 0.000000 -0.166132 0.332263 3.326850 
0.000000 -0.033377 0.006675 0.000000 -0.166846 0.333692 3.347220 
0.000000 -0.033519 0.006704 0.000000 -0.167558 0.335115 3.368254 
0.000000 -0.033661 0.006732 0.000000 -0.168266 0.336532 3.390041 
0.000000 -0.033802 0.006760 0.000000 -0.168972 0.337943 3.412504 
0.000000 -0.033943 0.006789 0.000000 -0.169674 0.339349 3.435815 
0.000000 -0.034083 0.006817 0.000000 -0.170374 0.340748 3.459998 
0.000000 -0.034222 0.006844 0.000000 -0.171071 0.342142 3.485114 
0.000000 -0.034361 0.006872 0.000000 -0.171765 0.343530 3.511226 
0.000000 -0.034499 0.006900 0.000000 -0.172456 0.344912 3.538429 
0.000000 -0.034637 0.006927 0.000000 -0.173144 0.346289 3.566793 
0.000000 -0.034774 0.006955 0.000000 -0.173830 0.347660 3.596446 
0.000000 -0.034911 0.006982 0.000000 -0.174513 0.349026 3.627474 
0.000000 -0.035047 0.007009 0.000000 -0.175194 0.350387 3.660012 
0.000000 -0.035182 0.007036 0.000000 -0.175871 0.351743 3.694263 
0.000000 -0.035318 0.007064 0.000000 -0.176546 0.353093 3.730321 
0.000000 -0.035452 0.007090 0.000000 -0.177219 0.354438 3.768431 
0.000000 -0.035586 0.007117 0.000000 -0.177889 0.355778 3.808820 
0.000000 -0.035720 0.007144 0.000000 -0.178557 0.357113 3.851777 
0.000000 -0.035853 0.007171 0.000000 -0.179222 0.358443 3.897627 
0.000000 -0.035985 0.007197 0.000000 -0.179884 0.359768 3.946774 
0.000000 -0.036117 0.007223 0.000000 -0.180544 0.361088 3.999718 
0.000000 -0.036249 0.007250 0.000000 -0.181202 0.362404 4.057064 
0.000000 -0.036380 0.007276 0.000000 -0.181857 0.363715 4.119590 
0.000000 -0.036511 0.007302 0.000000 -0.182510 0.365021 4.188295 
0.000000 -0.036641 0.007328 0.000000 -0.183161 0.366322 4.264484 
0.000000 -0.036770 0.007354 0.000000 -0.183809 0.367619 4.349957 
0.000000 -0.036900 0.007380 0.000000 -0.184455 0.368911 4.447184 
0.000000 -0.037028 0.007406 0.000000 -0.185099 0.370198 4.559837 
0.000000 -0.037157 0.007431 0.000000 -0.185741 0.371482 4.693556 
0.000000 -0.037285 0.007457 0.000000 -0.186380 0.372760 4.857998 
0.000000 -0.037412 0.007482 0.000000 -0.187017 0.374035 5.070890 
0.000000 -0.037539 0.007508 0.000000 -0.187652 0.375305 6.905392 
0.000000 -0.037666 0.007533 0.000000 -0.188285 0.376571 5.890587 
