0.010534 0.000000 0.000000 0.010519 0.000000 0.000000 4.875060 0.000000 
0.014897 0.000000 0.000000 0.014876 0.000000 0.000000 4.883261 0.000000 
0.018245 0.000000 0.000000 0.018219 0.000000 0.000000 4.891534 0.000000 
0.021067 0.000000 0.000000 0.021038 0.000000 0.000000 4.899861 0.000000 
0.023554 0.000000 0.000000 0.023521 0.000000 0.000000 4.908259 0.000000 
0.025802 0.000000 0.000000 0.025766 0.000000 0.000000 4.916719 0.000000 
0.027869 0.000000 0.000000 0.027831 0.000000 0.000000 4.925245 0.000000 
0.029794 0.000000 0.000000 0.029752 0.000000 0.000000 4.933836 0.000000 
0.031601 0.000000 0.000000 0.031557 0.000000 0.000000 4.942498 0.000000 
0.033310 0.000000 0.000000 0.033264 0.000000 0.000000 4.951229 0.000000 
0.034936 0.000000 0.000000 0.034887 0.000000 0.000000 4.960030 0.000000 
0.036489 0.000000 0.000000 0.036439 0.000000 0.000000 4.968902 0.000000 
0.037979 0.000000 0.000000 0.037927 0.000000 0.000000 4.977846 0.000000 
0.039413 0.000000 0.000000 0.039358 0.000000 0.000000 4.986863 0.000000 
0.040796 0.000000 0.000000 0.040740 0.000000 0.000000 4.995956 0.000000 
0.042134 0.000000 0.000000 0.042076 0.000000 0.000000 5.005121 0.000000 
0.043431 0.000000 0.000000 0.043371 0.000000 0.000000 5.014368 0.000000 
0.044690 0.000000 0.000000 0.044628 0.000000 0.000000 5.023691 0.000000 
0.045915 0.000000 0.000000 0.045851 0.000000 0.000000 5.033094 0.000000 
0.047108 0.000000 0.000000 0.047042 0.000000 0.000000 5.042580 0.000000 
0.048271 0.000000 0.000000 0.048204 0.000000 0.000000 5.052141 0.000000 
0.049407 0.000000 0.000000 0.049338 0.000000 0.000000 5.061790 0.000000 
0.050517 0.000000 0.000000 0.050447 0.000000 0.000000 5.071523 0.000000 
0.051604 0.000000 0.000000 0.051532 0.000000 0.000000 5.081341 0.000000 
0.052668 0.000000 0.000000 0.052595 0.000000 0.000000 5.091248 0.000000 
0.053711 0.000000 0.000000 0.053636 0.000000 0.000000 5.101245 0.000000 
0.054734 0.000000 0.000000 0.054658 0.000000 0.000000 5.111330 0.000000 
0.055739 0.000000 0.000000 0.055661 0.000000 0.000000 5.121506 0.000000 
0.056725 0.000000 0.000000 0.056646 0.000000 0.000000 5.131778 0.000000 
0.057695 0.000000 0.000000 0.057615 0.000000 0.000000 5.142143 0.000000 
0.058649 0.000000 0.000000 0.058567 0.000000 0.000000 5.152607 0.000000 
0.059587 0.000000 0.000000 0.059504 0.000000 0.000000 5.163169 0.000000 
0.060511 0.000000 0.000000 0.060427 0.000000 0.000000 5.173824 0.000000 
0.061421 0.000000 0.000000 0.061336 0.000000 0.000000 5.184594 0.000000 
0.062318 0.000000 0.000000 0.062231 0.000000 0.000000 5.195461 0.000000 
0.063202 0.000000 0.000000 0.063114 0.000000 0.000000 5.206432 0.000000 
0.064073 0.000000 0.000000 0.063984 0.000000 0.000000 5.217514 0.000000 
0.064934 0.000000 0.000000 0.064843 0.000000 0.000000 5.228702 0.000000 
0.065782 0.000000 0.000000 0.065691 0.000000 0.000000 5.240004 0.000000 
0.066620 0.000000 0.000000 0.066528 0.000000 0.000000 5.251421 0.000000 
0.067448 0.000000 0.000000 0.067354 0.000000 0.000000 5.262952 0.000000 
0.068266 0.000000 0.000000 0.068171 0.000000 0.000000 5.274601 0.000000 
0.069073 0.000000 0.000000 0.068978 0.000000 0.000000 5.286371 0.000000 
0.069872 0.000000 0.000000 0.069775 0.000000 0.000000 5.298263 0.000000 
0.070662 0.000000 0.000000 0.070563 0.000000 0.000000 5.310279 0.000000 
0.071442 0.000000 0.000000 0.071343 0.000000 0.000000 5.322424 0.000000 
0.072215 0.000000 0.000000 0.072115 0.000000 0.000000 5.334702 0.000000 
0.072979 0.000000 0.000000 0.072878 0.000000 0.000000 5.347109 0.000000 
0.073735 0.000000 0.000000 0.073633 0.000000 0.000000 5.359651 0.000000 
0.074484 0.000000 0.000000 0.074380 0.000000 0.000000 5.372332 0.000000 
0.075225 0.000000 0.000000 0.075121 0.000000 0.000000 5.385155 0.000000 
0.075959 0.000000 0.000000 0.075853 0.000000 0.000000 5.398121 0.000000 
0.076686 0.000000 0.000000 0.076579 0.000000 0.000000 5.411235 0.000000 
0.077406 0.000000 0.000000 0.077298 0.000000 0.000000 5.424500 0.000000 
0.078119 0.000000 0.000000 0.078011 0.000000 0.000000 5.437918 0.000000 
0.078826 0.000000 0.000000 0.078717 0.000000 0.000000 5.451492 0.000000 
0.079527 0.000000 0.000000 0.079417 0.000000 0.000000 5.465227 0.000000 
0.080222 0.000000 0.000000 0.080110 0.000000 0.000000 5.479117 0.000000 
0.080910 0.000000 0.000000 0.080798 0.000000 0.000000 5.493183 0.000000 
0.081593 0.000000 0.000000 0.081480 0.000000 0.000000 5.507421 0.000000 
0.082270 0.000000 0.000000 0.082156 0.000000 0.000000 5.521837 0.000000 
0.082942 0.000000 0.000000 0.082827 0.000000 0.000000 5.536427 0.000000 
0.083608 0.000000 0.000000 0.083492 0.000000 0.000000 5.551205 0.000000 
0.084269 0.000000 0.000000 0.084152 0.000000 0.000000 5.566169 0.000000 
0.084925 0.000000 0.000000 0.084807 0.000000 0.000000 5.581327 0.000000 
0.085575 0.000000 0.000000 0.085457 0.000000 0.000000 5.596681 0.000000 
0.086221 0.000000 0.000000 0.086102 0.000000 0.000000 5.612237 0.000000 
0.086862 0.000000 0.000000 0.086742 0.000000 0.000000 5.627999 0.000000 
0.087499 0.000000 0.000000 0.087377 0.000000 0.000000 5.643978 0.000000 
0.088131 0.000000 0.000000 0.088008 0.000000 0.000000 5.660173 0.000000 
0.088758 0.000000 0.000000 0.088635 0.000000 0.000000 5.676601 0.000000 
0.089381 0.000000 0.000000 0.089257 0.000000 0.000000 5.693248 0.000000 
0.089999 0.000000 0.000000 0.089874 0.000000 0.000000 5.710118 0.000000 
0.090614 0.000000 0.000000 0.090488 0.000000 0.000000 5.727243 0.000000 
0.091224 0.000000 0.000000 0.091097 0.000000 0.000000 5.744620 0.000000 
0.091830 0.000000 0.000000 0.091702 0.000000 0.000000 5.762249 0.000000 
0.092432 0.000000 0.000000 0.092304 0.000000 0.000000 5.780148 0.000000 
0.093030 0.000000 0.000000 0.092901 0.000000 0.000000 5.798302 0.000000 
0.093625 0.000000 0.000000 0.093495 0.000000 0.000000 5.816738 0.000000 
0.094215 0.000000 0.000000 0.094085 0.000000 0.000000 5.835462 0.000000 
0.094802 0.000000 0.000000 0.094671 0.000000 0.000000 5.854479 0.000000 
0.095386 0.000000 0.000000 0.095254 0.000000 0.000000 5.873803 0.000000 
0.095966 0.000000 0.000000 0.095833 0.000000 0.000000 5.893440 0.000000 
0.096542 0.000000 0.000000 0.096408 0.000000 0.000000 5.913393 0.000000 
0.097115 0.000000 0.000000 0.096980 0.000000 0.000000 5.933683 0.000000 
0.097685 0.000000 0.000000 0.097549 0.000000 0.000000 5.954314 0.000000 
0.098251 0.000000 0.000000 0.098115 0.000000 0.000000 5.975300 0.000000 
0.098814 0.000000 0.000000 0.098677 0.000000 0.000000 5.996647 0.000000 
0.099374 0.000000 0.000000 0.099236 0.000000 0.000000 6.018385 0.000000 
0.099931 0.000000 0.000000 0.099792 0.000000 0.000000 6.040501 0.000000 
0.100484 0.000000 0.000000 0.100345 0.000000 0.000000 6.063021 0.000000 
0.101035 0.000000 0.000000 0.100895 0.000000 0.000000 6.085961 0.000000 
0.101582 0.000000 0.000000 0.101441 0.000000 0.000000 6.109331 0.000000 
0.102127 0.000000 0.000000 0.101985 0.000000 0.000000 6.133151 0.000000 
0.102669 0.000000 0.000000 0.102526 0.000000 0.000000 6.157440 0.000000 
0.103208 0.000000 0.000000 0.103065 0.000000 0.000000 6.182207 0.000000 
0.103744 0.000000 0.000000 0.103600 0.000000 0.000000 6.207473 0.000000 
0.104277 0.000000 0.000000 0.104133 0.000000 0.000000 6.233262 0.000000 
0.104808 0.000000 0.000000 0.104663 0.000000 0.000000 6.259592 0.000000 
0.105336 0.000000 0.000000 0.105190 0.000000 0.000000 6.286486 0.000000 
0.105861 0.000000 0.000000 0.105715 0.000000 0.000000 6.313964 0.000000 
0.106384 0.000000 0.000000 0.106237 0.000000 0.000000 6.342059 0.000000 
0.106904 0.000000 0.000000 0.106756 0.000000 0.000000 6.370781 0.000000 
0.107422 0.000000 0.000000 0.107273 0.000000 0.000000 6.400174 0.000000 
0.107937 0.000000 0.000000 0.107788 0.000000 0.000000 6.430262 0.000000 
0.108450 0.000000 0.000000 0.108300 0.000000 0.000000 6.461070 0.000000 
0.108961 0.000000 0.000000 0.108809 0.000000 0.000000 6.492653 0.000000 
0.109469 0.000000 0.000000 0.109317 0.000000 0.000000 6.525027 0.000000 
0.109974 0.000000 0.000000 0.109822 0.000000 0.000000 6.558237 0.000000 
0.110477 0.000000 0.000000 0.110324 0.000000 0.000000 6.592322 0.000000 
0.110978 0.000000 0.000000 0.110824 0.000000 0.000000 6.627344 0.000000 
0.111477 0.000000 0.000000 0.111323 0.000000 0.000000 6.663325 0.000000 
0.111974 0.000000 0.000000 0.111818 0.000000 0.000000 6.700340 0.000000 
0.112468 0.000000 0.000000 0.112312 0.000000 0.000000 6.738439 0.000000 
0.112960 0.000000 0.000000 0.112804 0.000000 0.000000 6.777682 0.000000 
0.113450 0.000000 0.000000 0.113293 0.000000 0.000000 6.818137 0.000000 
0.113938 0.000000 0.000000 0.113780 0.000000 0.000000 6.859881 0.000000 
0.114424 0.000000 0.000000 0.114266 0.000000 0.000000 6.902994 0.000000 
0.114908 0.000000 0.000000 0.114749 0.000000 0.000000 6.947558 0.000000 
0.115390 0.000000 0.000000 0.115230 0.000000 0.000000 6.993678 0.000000 
0.115870 0.000000 0.000000 0.115709 0.000000 0.000000 7.041458 0.000000 
0.116348 0.000000 0.000000 0.116186 0.000000 0.000000 7.091014 0.000000 
0.116823 0.000000 0.000000 0.116661 0.000000 0.000000 7.142484 0.000000 
0.117297 0.000000 0.000000 0.117135 0.000000 0.000000 7.196006 0.000000 
0.117769 0.000000 0.000000 0.117606 0.000000 0.000000 7.251747 0.000000 
0.118240 0.000000 0.000000 0.118075 0.000000 0.000000 7.309894 0.000000 
0.118708 0.000000 0.000000 0.118543 0.000000 0.000000 7.370651 0.000000 
0.119174 0.000000 0.000000 0.119009 0.000000 0.000000 7.434252 0.000000 
0.119639 0.000000 0.000000 0.119473 0.000000 0.000000 7.500969 0.000000 
0.120102 0.000000 0.000000 0.119935 0.000000 0.000000 7.571110 0.000000 
0.120563 0.000000 0.000000 0.120395 0.000000 0.000000 7.645021 0.000000 
0.121022 0.000000 0.000000 0.120854 0.000000 0.000000 7.723127 0.000000 
0.121480 0.000000 0.000000 0.121311 0.000000 0.000000 7.805910 0.000000 
0.121935 0.000000 0.000000 0.121766 0.000000 0.000000 7.893941 0.000000 
0.122390 0.000000 0.000000 0.122220 0.000000 0.000000 7.987913 0.000000 
0.122842 0.000000 0.000000 0.122672 0.000000 0.000000 8.088632 0.000000 
0.123293 0.000000 0.000000 0.123122 0.000000 0.000000 8.197133 0.000000 
0.123742 0.000000 0.000000 0.123570 0.000000 0.000000 8.314659 0.000000 
0.124189 0.000000 0.000000 0.124017 0.000000 0.000000 8.442804 0.000000 
0.124635 0.000000 0.000000 0.124463 0.000000 0.000000 8.583617 0.000000 
0.125080 0.000000 0.000000 0.124906 0.000000 0.000000 8.739759 0.000000 
0.125522 0.000000 0.000000 0.125348 0.000000 0.000000 8.914911 0.000000 
0.125964 0.000000 0.000000 0.125789 0.000000 0.000000 9.114178 0.000000 
0.126403 0.000000 0.000000 0.126228 0.000000 0.000000 9.345066 0.000000 
0.126841 0.000000 0.000000 0.126666 0.000000 0.000000 9.619207 0.000000 
0.127278 0.000000 0.000000 0.127102 0.000000 0.000000 9.956109 0.000000 
0.127713 0.000000 0.000000 0.127536 0.000000 0.000000 10.392403 0.000000 
0.128147 0.000000 0.000000 0.127969 0.000000 0.000000 11.010344 0.000000 
0.128579 0.000000 0.000000 0.128401 0.000000 0.000000 12.072663 0.000000 
