0.011777 0.000000 0.000000 0.011761 0.000000 0.000000 4.877103 0.000000 
0.016655 0.000000 0.000000 0.016632 0.000000 0.000000 4.887397 0.000000 
0.020398 0.000000 0.000000 0.020370 0.000000 0.000000 4.897777 0.000000 
0.023554 0.000000 0.000000 0.023521 0.000000 0.000000 4.908259 0.000000 
0.026334 0.000000 0.000000 0.026297 0.000000 0.000000 4.918844 0.000000 
0.028847 0.000000 0.000000 0.028807 0.000000 0.000000 4.929533 0.000000 
0.031159 0.000000 0.000000 0.031116 0.000000 0.000000 4.940327 0.000000 
0.033310 0.000000 0.000000 0.033264 0.000000 0.000000 4.951229 0.000000 
0.035331 0.000000 0.000000 0.035282 0.000000 0.000000 4.962241 0.000000 
0.037242 0.000000 0.000000 0.037190 0.000000 0.000000 4.973364 0.000000 
0.039060 0.000000 0.000000 0.039005 0.000000 0.000000 4.984601 0.000000 
0.040796 0.000000 0.000000 0.040740 0.000000 0.000000 4.995956 0.000000 
0.042462 0.000000 0.000000 0.042403 0.000000 0.000000 5.007427 0.000000 
0.044065 0.000000 0.000000 0.044004 0.000000 0.000000 5.019014 0.000000 
0.045612 0.000000 0.000000 0.045549 0.000000 0.000000 5.030738 0.000000 
0.047108 0.000000 0.000000 0.047042 0.000000 0.000000 5.042580 0.000000 
0.048558 0.000000 0.000000 0.048490 0.000000 0.000000 5.054541 0.000000 
0.049965 0.000000 0.000000 0.049896 0.000000 0.000000 5.066640 0.000000 
0.051334 0.000000 0.000000 0.051263 0.000000 0.000000 5.078878 0.000000 
0.052668 0.000000 0.000000 0.052595 0.000000 0.000000 5.091248 0.000000 
0.053969 0.000000 0.000000 0.053894 0.000000 0.000000 5.103756 0.000000 
0.055239 0.000000 0.000000 0.055162 0.000000 0.000000 5.116405 0.000000 
0.056480 0.000000 0.000000 0.056402 0.000000 0.000000 5.129200 0.000000 
0.057695 0.000000 0.000000 0.057615 0.000000 0.000000 5.142143 0.000000 
0.058885 0.000000 0.000000 0.058803 0.000000 0.000000 5.155238 0.000000 
0.060051 0.000000 0.000000 0.059967 0.000000 0.000000 5.168486 0.000000 
0.061195 0.000000 0.000000 0.061110 0.000000 0.000000 5.181893 0.000000 
0.062318 0.000000 0.000000 0.062231 0.000000 0.000000 5.195461 0.000000 
0.063421 0.000000 0.000000 0.063333 0.000000 0.000000 5.209188 0.000000 
0.064505 0.000000 0.000000 0.064415 0.000000 0.000000 5.223095 0.000000 
0.065571 0.000000 0.000000 0.065480 0.000000 0.000000 5.237170 0.000000 
0.066620 0.000000 0.000000 0.066528 0.000000 0.000000 5.251421 0.000000 
0.067653 0.000000 0.000000 0.067559 0.000000 0.000000 5.265852 0.000000 
0.068671 0.000000 0.000000 0.068575 0.000000 0.000000 5.280466 0.000000 
0.069673 0.000000 0.000000 0.069577 0.000000 0.000000 5.295278 0.000000 
0.070662 0.000000 0.000000 0.070563 0.000000 0.000000 5.310279 0.000000 
0.071636 0.000000 0.000000 0.071537 0.000000 0.000000 5.325481 0.000000 
0.072598 0.000000 0.000000 0.072497 0.000000 0.000000 5.340882 0.000000 
0.073547 0.000000 0.000000 0.073445 0.000000 0.000000 5.356504 0.000000 
0.074484 0.000000 0.000000 0.074380 0.000000 0.000000 5.372332 0.000000 
0.075409 0.000000 0.000000 0.075304 0.000000 0.000000 5.388378 0.000000 
0.076323 0.000000 0.000000 0.076217 0.000000 0.000000 5.404660 0.000000 
0.077227 0.000000 0.000000 0.077119 0.000000 0.000000 5.421168 0.000000 
0.078119 0.000000 0.000000 0.078011 0.000000 0.000000 5.437918 0.000000 
0.079002 0.000000 0.000000 0.078892 0.000000 0.000000 5.454910 0.000000 
0.079875 0.000000 0.000000 0.079764 0.000000 0.000000 5.472150 0.000000 
0.080739 0.000000 0.000000 0.080626 0.000000 0.000000 5.489650 0.000000 
0.081593 0.000000 0.000000 0.081480 0.000000 0.000000 5.507421 0.000000 
0.082439 0.000000 0.000000 0.082324 0.000000 0.000000 5.525468 0.000000 
0.083275 0.000000 0.000000 0.083160 0.000000 0.000000 5.543785 0.000000 
0.084104 0.000000 0.000000 0.083987 0.000000 0.000000 5.562410 0.000000 
0.084925 0.000000 0.000000 0.084807 0.000000 0.000000 5.581327 0.000000 
0.085737 0.000000 0.000000 0.085618 0.000000 0.000000 5.600552 0.000000 
0.086542 0.000000 0.000000 0.086422 0.000000 0.000000 5.620095 0.000000 
0.087340 0.000000 0.000000 0.087219 0.000000 0.000000 5.639963 0.000000 
0.088131 0.000000 0.000000 0.088008 0.000000 0.000000 5.660173 0.000000 
0.088914 0.000000 0.000000 0.088790 0.000000 0.000000 5.680733 0.000000 
0.089690 0.000000 0.000000 0.089566 0.000000 0.000000 5.701647 0.000000 
0.090460 0.000000 0.000000 0.090335 0.000000 0.000000 5.722942 0.000000 
0.091224 0.000000 0.000000 0.091097 0.000000 0.000000 5.744620 0.000000 
0.091981 0.000000 0.000000 0.091853 0.000000 0.000000 5.766700 0.000000 
0.092732 0.000000 0.000000 0.092603 0.000000 0.000000 5.789185 0.000000 
0.093477 0.000000 0.000000 0.093347 0.000000 0.000000 5.812094 0.000000 
0.094215 0.000000 0.000000 0.094085 0.000000 0.000000 5.835462 0.000000 
0.094949 0.000000 0.000000 0.094817 0.000000 0.000000 5.859285 0.000000 
0.095676 0.000000 0.000000 0.095543 0.000000 0.000000 5.883580 0.000000 
0.096398 0.000000 0.000000 0.096265 0.000000 0.000000 5.908373 0.000000 
0.097115 0.000000 0.000000 0.096980 0.000000 0.000000 5.933683 0.000000 
0.097827 0.000000 0.000000 0.097691 0.000000 0.000000 5.959531 0.000000 
0.098533 0.000000 0.000000 0.098396 0.000000 0.000000 5.985928 0.000000 
0.099234 0.000000 0.000000 0.099096 0.000000 0.000000 6.012915 0.000000 
0.099931 0.000000 0.000000 0.099792 0.000000 0.000000 6.040501 0.000000 
0.100622 0.000000 0.000000 0.100483 0.000000 0.000000 6.068719 0.000000 
0.101309 0.000000 0.000000 0.101168 0.000000 0.000000 6.097590 0.000000 
0.101991 0.000000 0.000000 0.101850 0.000000 0.000000 6.127149 0.000000 
0.102669 0.000000 0.000000 0.102526 0.000000 0.000000 6.157440 0.000000 
0.103342 0.000000 0.000000 0.103199 0.000000 0.000000 6.188477 0.000000 
0.104011 0.000000 0.000000 0.103867 0.000000 0.000000 6.220302 0.000000 
0.104676 0.000000 0.000000 0.104530 0.000000 0.000000 6.252956 0.000000 
0.105336 0.000000 0.000000 0.105190 0.000000 0.000000 6.286486 0.000000 
0.105992 0.000000 0.000000 0.105845 0.000000 0.000000 6.320927 0.000000 
0.106645 0.000000 0.000000 0.106497 0.000000 0.000000 6.356336 0.000000 
0.107293 0.000000 0.000000 0.107144 0.000000 0.000000 6.392761 0.000000 
0.107937 0.000000 0.000000 0.107788 0.000000 0.000000 6.430262 0.000000 
0.108578 0.000000 0.000000 0.108427 0.000000 0.000000 6.468898 0.000000 
0.109215 0.000000 0.000000 0.109063 0.000000 0.000000 6.508731 0.000000 
0.109848 0.000000 0.000000 0.109696 0.000000 0.000000 6.549854 0.000000 
0.110477 0.000000 0.000000 0.110324 0.000000 0.000000 6.592322 0.000000 
0.111103 0.000000 0.000000 0.110949 0.000000 0.000000 6.636245 0.000000 
0.111726 0.000000 0.000000 0.111571 0.000000 0.000000 6.681702 0.000000 
0.112345 0.000000 0.000000 0.112189 0.000000 0.000000 6.728811 0.000000 
0.112960 0.000000 0.000000 0.112804 0.000000 0.000000 6.777682 0.000000 
0.113573 0.000000 0.000000 0.113415 0.000000 0.000000 6.828451 0.000000 
0.114182 0.000000 0.000000 0.114023 0.000000 0.000000 6.881261 0.000000 
0.114787 0.000000 0.000000 0.114628 0.000000 0.000000 6.936277 0.000000 
0.115390 0.000000 0.000000 0.115230 0.000000 0.000000 6.993678 0.000000 
0.115989 0.000000 0.000000 0.115828 0.000000 0.000000 7.053676 0.000000 
0.116586 0.000000 0.000000 0.116424 0.000000 0.000000 7.116493 0.000000 
0.117179 0.000000 0.000000 0.117016 0.000000 0.000000 7.182421 0.000000 
0.117769 0.000000 0.000000 0.117606 0.000000 0.000000 7.251747 0.000000 
0.118357 0.000000 0.000000 0.118193 0.000000 0.000000 7.324831 0.000000 
0.118941 0.000000 0.000000 0.118776 0.000000 0.000000 7.402078 0.000000 
0.119523 0.000000 0.000000 0.119357 0.000000 0.000000 7.483984 0.000000 
0.120102 0.000000 0.000000 0.119935 0.000000 0.000000 7.571110 0.000000 
0.120678 0.000000 0.000000 0.120510 0.000000 0.000000 7.664135 0.000000 
0.121251 0.000000 0.000000 0.121083 0.000000 0.000000 7.763902 0.000000 
0.121822 0.000000 0.000000 0.121653 0.000000 0.000000 7.871409 0.000000 
0.122390 0.000000 0.000000 0.122220 0.000000 0.000000 7.987913 0.000000 
0.122955 0.000000 0.000000 0.122784 0.000000 0.000000 8.114986 0.000000 
0.123518 0.000000 0.000000 0.123346 0.000000 0.000000 8.254678 0.000000 
0.124078 0.000000 0.000000 0.123906 0.000000 0.000000 8.409671 0.000000 
0.124635 0.000000 0.000000 0.124463 0.000000 0.000000 8.583617 0.000000 
0.125191 0.000000 0.000000 0.125017 0.000000 0.000000 8.781599 0.000000 
0.125743 0.000000 0.000000 0.125569 0.000000 0.000000 9.011130 0.000000 
0.126294 0.000000 0.000000 0.126118 0.000000 0.000000 9.283833 0.000000 
0.126841 0.000000 0.000000 0.126666 0.000000 0.000000 9.619207 0.000000 
0.127387 0.000000 0.000000 0.127210 0.000000 0.000000 10.053810 0.000000 
0.127930 0.000000 0.000000 0.127753 0.000000 0.000000 10.669868 0.000000 
0.128471 0.000000 0.000000 0.128293 0.000000 0.000000 11.730002 0.000000 
0.129010 0.000000 0.000000 0.128831 0.000000 0.000000 28.902850 0.096269 
0.129546 0.000000 0.000000 0.129367 0.000000 0.000000 5.847071 0.000000 
0.130081 0.000000 0.000000 0.129900 0.000000 0.000000 5.303523 0.000000 
0.130613 0.000000 0.000000 0.130431 0.000000 0.000000 4.983702 0.000000 
0.131142 0.000000 0.000000 0.130961 0.000000 0.000000 4.755700 0.000000 
0.131670 0.000000 0.000000 0.131488 0.000000 0.000000 4.578129 0.000000 
0.132196 0.000000 0.000000 0.132012 0.000000 0.000000 4.432534 0.000000 
0.132719 0.000000 0.000000 0.132535 0.000000 0.000000 4.309055 0.000000 
0.133241 0.000000 0.000000 0.133056 0.000000 0.000000 4.201803 0.000000 
0.133760 0.000000 0.000000 0.133575 0.000000 0.000000 4.106972 0.000000 
0.134278 0.000000 0.000000 0.134092 0.000000 0.000000 4.021962 0.000000 
0.134793 0.000000 0.000000 0.134606 0.000000 0.000000 3.944915 0.000000 
0.135307 0.000000 0.000000 0.135119 0.000000 0.000000 3.874459 0.000000 
0.135818 0.000000 0.000000 0.135630 0.000000 0.000000 3.809550 0.000000 
0.136328 0.000000 0.000000 0.136139 0.000000 0.000000 3.749375 0.000000 
0.136836 0.000000 0.000000 0.136646 0.000000 0.000000 3.693289 0.000000 
0.137342 0.000000 0.000000 0.137151 0.000000 0.000000 3.640771 0.000000 
0.137846 0.000000 0.000000 0.137654 0.000000 0.000000 3.591395 0.000000 
0.138348 0.000000 0.000000 0.138156 0.000000 0.000000 3.544807 0.000000 
0.138848 0.000000 0.000000 0.138656 0.000000 0.000000 3.500711 0.000000 
0.139347 0.000000 0.000000 0.139153 0.000000 0.000000 3.458856 0.000000 
0.139843 0.000000 0.000000 0.139649 0.000000 0.000000 3.419025 0.000000 
0.140338 0.000000 0.000000 0.140144 0.000000 0.000000 3.381037 0.000000 
0.140832 0.000000 0.000000 0.140636 0.000000 0.000000 3.344727 0.000000 
0.141323 0.000000 0.000000 0.141127 0.000000 0.000000 3.309957 0.000000 
0.141813 0.000000 0.000000 0.141617 0.000000 0.000000 3.276605 0.000000 
0.142301 0.000000 0.000000 0.142104 0.000000 0.000000 3.244559 0.000000 
0.142788 0.000000 0.000000 0.142590 0.000000 0.000000 3.213723 0.000000 
0.143273 0.000000 0.000000 0.143074 0.000000 0.000000 3.184016 0.000000 
0.143756 0.000000 0.000000 0.143557 0.000000 0.000000 3.155355 0.000000 
0.144237 0.000000 0.000000 0.144037 0.000000 0.000000 3.127670 0.000000 
0.152919 0.000000 0.000000 0.152707 0.000000 0.000000 2.735557 0.000000 
0.161133 0.000000 0.000000 0.160910 0.000000 0.000000 2.476409 0.000000 
0.168949 0.000000 0.000000 0.168715 0.000000 0.000000 2.285147 0.000000 
0.176418 0.000000 0.000000 0.176174 0.000000 0.000000 2.135141 0.000000 
0.183584 0.000000 0.000000 0.183330 0.000000 0.000000 2.012804 0.000000 
0.190481 0.000000 0.000000 0.190217 0.000000 0.000000 1.910249 0.000000 
0.197136 0.000000 0.000000 0.196864 0.000000 0.000000 1.822494 0.000000 
0.203574 0.000000 0.000000 0.203293 0.000000 0.000000 1.746192 0.000000 
0.209815 0.000000 0.000000 0.209525 0.000000 0.000000 1.678993 0.000000 
0.215875 0.000000 0.000000 0.215577 0.000000 0.000000 1.619177 0.000000 
0.221770 0.000000 0.000000 0.221463 0.000000 0.000000 1.565461 0.000000 
0.227512 0.000000 0.000000 0.227197 0.000000 0.000000 1.516856 0.000000 
0.233112 0.000000 0.000000 0.232790 0.000000 0.000000 1.472586 0.000000 
0.238581 0.000000 0.000000 0.238252 0.000000 0.000000 1.432035 0.000000 
0.243928 0.000000 0.000000 0.243591 0.000000 0.000000 1.394703 0.000000 
0.249160 0.000000 0.000000 0.248816 0.000000 0.000000 1.360181 0.000000 
0.254284 0.000000 0.000000 0.253933 0.000000 0.000000 1.328129 0.000000 
0.259307 0.000000 0.000000 0.258949 0.000000 0.000000 1.298264 0.000000 
0.264235 0.000000 0.000000 0.263870 0.000000 0.000000 1.270345 0.000000 
0.269072 0.000000 0.000000 0.268701 0.000000 0.000000 1.244168 0.000000 
0.273824 0.000000 0.000000 0.273446 0.000000 0.000000 1.219557 0.000000 
0.278495 0.000000 0.000000 0.278111 0.000000 0.000000 1.196362 0.000000 
0.283088 0.000000 0.000000 0.282698 0.000000 0.000000 1.174451 0.000000 
0.287609 0.000000 0.000000 0.287213 0.000000 0.000000 1.153709 0.000000 
0.292059 0.000000 0.000000 0.291657 0.000000 0.000000 1.134034 0.000000 
0.296443 0.000000 0.000000 0.296035 0.000000 0.000000 1.115339 0.000000 
0.300763 0.000000 0.000000 0.300349 0.000000 0.000000 1.097543 0.000000 
0.305021 0.000000 0.000000 0.304601 0.000000 0.000000 1.080577 0.000000 
0.309221 0.000000 0.000000 0.308796 0.000000 0.000000 1.064377 0.000000 
0.313365 0.000000 0.000000 0.312934 0.000000 0.000000 1.048888 0.000000 
0.317454 0.000000 0.000000 0.317018 0.000000 0.000000 1.034059 0.000000 
0.321492 0.000000 0.000000 0.321050 0.000000 0.000000 1.019844 0.000000 
0.325479 0.000000 0.000000 0.325032 0.000000 0.000000 1.006202 0.000000 
0.329419 0.000000 0.000000 0.328966 0.000000 0.000000 0.993095 0.000000 
0.333311 0.000000 0.000000 0.332853 0.000000 0.000000 0.980488 0.000000 
0.337159 0.000000 0.000000 0.336696 0.000000 0.000000 0.968351 0.000000 
0.340963 0.000000 0.000000 0.340495 0.000000 0.000000 0.956656 0.000000 
0.344726 0.000000 0.000000 0.344252 0.000000 0.000000 0.945375 0.000000 
0.348447 0.000000 0.000000 0.347969 0.000000 0.000000 0.934486 0.000000 
0.352130 0.000000 0.000000 0.351647 0.000000 0.000000 0.923965 0.000000 
0.355774 0.000000 0.000000 0.355286 0.000000 0.000000 0.913792 0.000000 
0.359381 0.000000 0.000000 0.358888 0.000000 0.000000 0.903949 0.000000 
0.362953 0.000000 0.000000 0.362455 0.000000 0.000000 0.894419 0.000000 
0.366489 0.000000 0.000000 0.365987 0.000000 0.000000 0.885184 0.000000 
0.369992 0.000000 0.000000 0.369485 0.000000 0.000000 0.876230 0.000000 
0.373462 0.000000 0.000000 0.372951 0.000000 0.000000 0.867542 0.000000 
0.376900 0.000000 0.000000 0.376384 0.000000 0.000000 0.859109 0.000000 
0.380307 0.000000 0.000000 0.379787 0.000000 0.000000 0.850917 0.000000 
0.383684 0.000000 0.000000 0.383159 0.000000 0.000000 0.842956 0.000000 
