0.000000 -0.004879 0.000976 0.000000 -0.024389 0.048778 2.384798 0.000000 
0.000000 -0.006900 0.001380 0.000000 -0.034491 0.068982 2.394978 0.000000 
0.000000 -0.008451 0.001690 0.000000 -0.042243 0.084486 2.405359 0.000000 
0.000000 -0.009758 0.001952 0.000000 -0.048778 0.097556 2.415945 0.000000 
0.000000 -0.010910 0.002182 0.000000 -0.054535 0.109071 2.426746 0.000000 
0.000000 -0.011951 0.002390 0.000000 -0.059741 0.119481 2.437770 0.000000 
0.000000 -0.012908 0.002582 0.000000 -0.064527 0.129054 2.449019 0.000000 
0.000000 -0.013800 0.002760 0.000000 -0.068982 0.137965 2.460517 0.000000 
0.000000 -0.014637 0.002927 0.000000 -0.073167 0.146334 2.472263 0.000000 
0.000000 -0.015429 0.003086 0.000000 -0.077125 0.154249 2.484268 0.000000 
0.000000 -0.016182 0.003236 0.000000 -0.080889 0.161778 2.496544 0.000000 
0.000000 -0.016901 0.003380 0.000000 -0.084486 0.168972 2.509103 0.000000 
0.000000 -0.017591 0.003518 0.000000 -0.087936 0.175871 2.521956 0.000000 
0.000000 -0.018255 0.003651 0.000000 -0.091255 0.182510 2.535118 0.000000 
0.000000 -0.018896 0.003779 0.000000 -0.094458 0.188916 2.548604 0.000000 
0.000000 -0.019516 0.003903 0.000000 -0.097556 0.195112 2.562424 0.000000 
0.000000 -0.020116 0.004023 0.000000 -0.100558 0.201117 2.576599 0.000000 
0.000000 -0.020700 0.004140 0.000000 -0.103474 0.206947 2.591144 0.000000 
0.000000 -0.021267 0.004253 0.000000 -0.106309 0.212618 2.606079 0.000000 
0.000000 -0.021819 0.004364 0.000000 -0.109071 0.218142 2.621423 0.000000 
0.000000 -0.022358 0.004472 0.000000 -0.111764 0.223529 2.637198 0.000000 
0.000000 -0.022884 0.004577 0.000000 -0.114394 0.228789 2.653425 0.000000 
0.000000 -0.023399 0.004680 0.000000 -0.116965 0.233931 2.670136 0.000000 
0.000000 -0.023902 0.004780 0.000000 -0.119481 0.238962 2.687334 0.000000 
0.000000 -0.024395 0.004879 0.000000 -0.121945 0.243890 2.705081 0.000000 
0.000000 -0.024878 0.004976 0.000000 -0.124360 0.248720 2.723397 0.000000 
0.000000 -0.025352 0.005070 0.000000 -0.126729 0.253458 2.742300 0.000000 
0.000000 -0.025817 0.005163 0.000000 -0.129054 0.258109 2.761834 0.000000 
0.000000 -0.026274 0.005255 0.000000 -0.131339 0.262677 2.782070 0.000000 
0.000000 -0.026723 0.005345 0.000000 -0.133584 0.267168 2.803068 0.000000 
0.000000 -0.027165 0.005433 0.000000 -0.135792 0.271584 2.824803 0.000000 
0.000000 -0.027599 0.005520 0.000000 -0.137965 0.275930 2.847402 0.000000 
0.000000 -0.028027 0.005605 0.000000 -0.140104 0.280208 2.870877 0.000000 
0.000000 -0.028449 0.005690 0.000000 -0.142211 0.284422 2.895330 0.000000 
0.000000 -0.028864 0.005773 0.000000 -0.144287 0.288574 2.920821 0.000000 
0.000000 -0.029274 0.005855 0.000000 -0.146334 0.292668 2.947448 0.000000 
0.000000 -0.029677 0.005935 0.000000 -0.148352 0.296705 2.975320 0.000000 
0.000000 -0.030076 0.006015 0.000000 -0.150344 0.300687 3.004514 0.000000 
0.000000 -0.030469 0.006094 0.000000 -0.152309 0.304618 3.035188 0.000000 
0.000000 -0.030857 0.006171 0.000000 -0.154249 0.308499 3.067484 0.000000 
0.000000 -0.031240 0.006248 0.000000 -0.156166 0.312331 3.101567 0.000000 
0.000000 -0.031619 0.006324 0.000000 -0.158059 0.316117 3.137638 0.000000 
0.000000 -0.031993 0.006399 0.000000 -0.159929 0.319858 3.175930 0.000000 
0.000000 -0.032363 0.006473 0.000000 -0.161778 0.323556 3.216718 0.000000 
0.000000 -0.032729 0.006546 0.000000 -0.163606 0.327212 3.260328 0.000000 
0.000000 -0.033091 0.006618 0.000000 -0.165414 0.330828 3.307162 0.000000 
0.000000 -0.033448 0.006690 0.000000 -0.167202 0.334405 3.357704 0.000000 
0.000000 -0.033802 0.006760 0.000000 -0.168972 0.337943 3.412557 0.000000 
0.000000 -0.034153 0.006831 0.000000 -0.170723 0.341446 3.472488 0.000000 
0.000000 -0.034499 0.006900 0.000000 -0.172456 0.344912 3.538488 0.000000 
0.000000 -0.034522 0.006904 0.000000 -0.172571 0.345142 3.543135 0.000000 
0.000000 -0.034545 0.006909 0.000000 -0.172686 0.345372 3.547811 0.000000 
0.000000 -0.034568 0.006914 0.000000 -0.172801 0.345601 3.552522 0.000000 
0.000000 -0.034591 0.006918 0.000000 -0.172915 0.345831 3.557267 0.000000 
0.000000 -0.034614 0.006923 0.000000 -0.173030 0.346060 3.562046 0.000000 
0.000000 -0.034637 0.006927 0.000000 -0.173144 0.346289 3.566860 0.000000 
0.000000 -0.034660 0.006932 0.000000 -0.173259 0.346518 3.571710 0.000000 
0.000000 -0.034683 0.006937 0.000000 -0.173373 0.346747 3.576591 0.000000 
0.000000 -0.034706 0.006941 0.000000 -0.173488 0.346975 3.581516 0.000000 
0.000000 -0.034728 0.006946 0.000000 -0.173602 0.347204 3.586475 0.000000 
0.000000 -0.034751 0.006950 0.000000 -0.173716 0.347432 3.591472 0.000000 
0.000000 -0.034774 0.006955 0.000000 -0.173830 0.347660 3.596506 0.000000 
0.000000 -0.034797 0.006959 0.000000 -0.173944 0.347888 3.601580 0.000000 
0.000000 -0.034820 0.006964 0.000000 -0.174058 0.348116 3.606692 0.000000 
0.000000 -0.034843 0.006969 0.000000 -0.174172 0.348344 3.611842 0.000000 
0.000000 -0.034865 0.006973 0.000000 -0.174286 0.348572 3.617034 0.000000 
0.000000 -0.034888 0.006978 0.000000 -0.174400 0.348799 3.622267 0.000000 
0.000000 -0.034911 0.006982 0.000000 -0.174513 0.349026 3.627541 0.000000 
0.000000 -0.034934 0.006987 0.000000 -0.174627 0.349254 3.632857 0.000000 
0.000000 -0.034956 0.006991 0.000000 -0.174740 0.349481 3.638209 0.000000 
0.000000 -0.034979 0.006996 0.000000 -0.174854 0.349707 3.643613 0.000000 
0.000000 -0.035002 0.007000 0.000000 -0.174967 0.349934 3.649060 0.000000 
0.000000 -0.035024 0.007005 0.000000 -0.175080 0.350161 3.654547 0.000000 
0.000000 -0.035047 0.007009 0.000000 -0.175194 0.350387 3.660089 0.000000 
0.000000 -0.035070 0.007014 0.000000 -0.175307 0.350613 3.665672 0.000000 
0.000000 -0.035092 0.007018 0.000000 -0.175420 0.350840 3.671303 0.000000 
0.000000 -0.035115 0.007023 0.000000 -0.175533 0.351066 3.676985 0.000000 
0.000000 -0.035137 0.007027 0.000000 -0.175646 0.351291 3.682709 0.000000 
0.000000 -0.035160 0.007032 0.000000 -0.175759 0.351517 3.688485 0.000000 
0.000000 -0.035182 0.007036 0.000000 -0.175871 0.351743 3.694313 0.000000 
0.000000 -0.035205 0.007041 0.000000 -0.175984 0.351968 3.700182 0.000000 
0.000000 -0.035228 0.007046 0.000000 -0.176097 0.352193 3.706121 0.000000 
0.000000 -0.035250 0.007050 0.000000 -0.176209 0.352418 3.712103 0.000000 
0.000000 -0.035273 0.007055 0.000000 -0.176322 0.352643 3.718141 0.000000 
0.000000 -0.035295 0.007059 0.000000 -0.176434 0.352868 3.724233 0.000000 
0.000000 -0.035318 0.007064 0.000000 -0.176546 0.353093 3.730377 0.000000 
0.000000 -0.035340 0.007068 0.000000 -0.176659 0.353317 3.736583 0.000000 
0.000000 -0.035362 0.007072 0.000000 -0.176771 0.353542 3.742846 0.000000 
0.000000 -0.035385 0.007077 0.000000 -0.176883 0.353766 3.749166 0.000000 
0.000000 -0.035407 0.007081 0.000000 -0.176995 0.353990 3.755546 0.000000 
0.000000 -0.035430 0.007086 0.000000 -0.177107 0.354214 3.761985 0.000000 
0.000000 -0.035452 0.007090 0.000000 -0.177219 0.354438 3.768494 0.000000 
0.000000 -0.035474 0.007095 0.000000 -0.177331 0.354662 3.775057 0.000000 
0.000000 -0.035497 0.007099 0.000000 -0.177443 0.354885 3.781689 0.000000 
0.000000 -0.035519 0.007104 0.000000 -0.177554 0.355109 3.788386 0.000000 
0.000000 -0.035541 0.007108 0.000000 -0.177666 0.355332 3.795151 0.000000 
0.000000 -0.035564 0.007113 0.000000 -0.177778 0.355555 3.801982 0.000000 
0.000000 -0.035586 0.007117 0.000000 -0.177889 0.355778 3.808885 0.000000 
0.000000 -0.035608 0.007122 0.000000 -0.178000 0.356001 3.815856 0.000000 
0.000000 -0.035631 0.007126 0.000000 -0.178112 0.356224 3.822905 0.000000 
0.000000 -0.035653 0.007131 0.000000 -0.178223 0.356446 3.830017 0.000000 
0.000000 -0.035675 0.007135 0.000000 -0.178334 0.356669 3.837221 0.000000 
0.000000 -0.035697 0.007139 0.000000 -0.178445 0.356891 3.844491 0.000000 
0.000000 -0.035720 0.007144 0.000000 -0.178557 0.357113 3.851839 0.000000 
0.000000 -0.035742 0.007148 0.000000 -0.178668 0.357335 3.859270 0.000000 
0.000000 -0.035764 0.007153 0.000000 -0.178778 0.357557 3.866782 0.000000 
0.000000 -0.035786 0.007157 0.000000 -0.178889 0.357779 3.874379 0.000000 
0.000000 -0.035808 0.007162 0.000000 -0.179000 0.358000 3.882060 0.000000 
0.000000 -0.035831 0.007166 0.000000 -0.179111 0.358222 3.889830 0.000000 
0.000000 -0.035853 0.007171 0.000000 -0.179222 0.358443 3.897689 0.000000 
0.000000 -0.035875 0.007175 0.000000 -0.179332 0.358664 3.905643 0.000000 
0.000000 -0.035897 0.007179 0.000000 -0.179443 0.358885 3.913694 0.000000 
0.000000 -0.035919 0.007184 0.000000 -0.179553 0.359106 3.921828 0.000000 
0.000000 -0.035941 0.007188 0.000000 -0.179664 0.359327 3.930059 0.000000 
0.000000 -0.035963 0.007193 0.000000 -0.179774 0.359548 3.938398 0.000000 
0.000000 -0.035985 0.007197 0.000000 -0.179884 0.359768 3.946839 0.000000 
0.000000 -0.036007 0.007201 0.000000 -0.179994 0.359989 3.955383 0.000000 
0.000000 -0.036029 0.007206 0.000000 -0.180104 0.360209 3.964036 0.000000 
0.000000 -0.036051 0.007210 0.000000 -0.180214 0.360429 3.972799 0.000000 
0.000000 -0.036073 0.007215 0.000000 -0.180324 0.360649 3.981675 0.000000 
0.000000 -0.036095 0.007219 0.000000 -0.180434 0.360869 3.990670 0.000000 
0.000000 -0.036117 0.007223 0.000000 -0.180544 0.361088 3.999780 0.000000 
0.000000 -0.036139 0.007228 0.000000 -0.180654 0.361308 4.009012 0.000000 
0.000000 -0.036161 0.007232 0.000000 -0.180764 0.361528 4.018372 0.000000 
0.000000 -0.036183 0.007237 0.000000 -0.180873 0.361747 4.027863 0.000000 
0.000000 -0.036205 0.007241 0.000000 -0.180983 0.361966 4.037478 0.000000 
0.000000 -0.036227 0.007245 0.000000 -0.181093 0.362185 4.047234 0.000000 
0.000000 -0.036249 0.007250 0.000000 -0.181202 0.362404 4.057129 0.000000 
0.000000 -0.036271 0.007254 0.000000 -0.181311 0.362623 4.067166 0.000000 
0.000000 -0.036293 0.007259 0.000000 -0.181421 0.362841 4.077351 0.000000 
0.000000 -0.036314 0.007263 0.000000 -0.181530 0.363060 4.087690 0.000000 
0.000000 -0.036336 0.007267 0.000000 -0.181639 0.363278 4.098181 0.000000 
0.000000 -0.036358 0.007272 0.000000 -0.181748 0.363497 4.108836 0.000000 
0.000000 -0.036380 0.007276 0.000000 -0.181857 0.363715 4.119648 0.000000 
0.000000 -0.036402 0.007280 0.000000 -0.181966 0.363933 4.130648 0.000000 
0.000000 -0.036424 0.007285 0.000000 -0.182075 0.364150 4.141813 0.000000 
0.000000 -0.036445 0.007289 0.000000 -0.182184 0.364368 4.153164 0.000000 
0.000000 -0.036467 0.007293 0.000000 -0.182293 0.364586 4.164699 0.000000 
0.000000 -0.036489 0.007298 0.000000 -0.182402 0.364803 4.176429 0.000000 
0.000000 -0.036511 0.007302 0.000000 -0.182510 0.365021 4.188354 0.000000 
0.000000 -0.036532 0.007306 0.000000 -0.182619 0.365238 4.200497 0.000000 
0.000000 -0.036554 0.007311 0.000000 -0.182727 0.365455 4.212849 0.000000 
0.000000 -0.036576 0.007315 0.000000 -0.182836 0.365672 4.225424 0.000000 
0.000000 -0.036597 0.007319 0.000000 -0.182944 0.365889 4.238225 0.000000 
0.000000 -0.036619 0.007324 0.000000 -0.183053 0.366105 4.251269 0.000000 
0.000000 -0.036641 0.007328 0.000000 -0.183161 0.366322 4.264565 0.000000 
0.000000 -0.036662 0.007332 0.000000 -0.183269 0.366538 4.278099 0.000000 
0.000000 -0.036684 0.007337 0.000000 -0.183377 0.366755 4.291909 0.000000 
0.000000 -0.036706 0.007341 0.000000 -0.183485 0.366971 4.305994 0.000000 
0.000000 -0.036727 0.007345 0.000000 -0.183593 0.367187 4.320367 0.000000 
0.000000 -0.036749 0.007350 0.000000 -0.183701 0.367403 4.335037 0.000000 
0.000000 -0.036770 0.007354 0.000000 -0.183809 0.367619 4.350021 0.000000 
0.000000 -0.036792 0.007358 0.000000 -0.183917 0.367834 4.365326 0.000000 
0.000000 -0.036814 0.007363 0.000000 -0.184025 0.368050 4.380972 0.000000 
0.000000 -0.036835 0.007367 0.000000 -0.184133 0.368265 4.396971 0.000000 
0.000000 -0.036857 0.007371 0.000000 -0.184240 0.368481 4.413337 0.000000 
0.000000 -0.036878 0.007376 0.000000 -0.184348 0.368696 4.430093 0.000000 
0.000000 -0.036900 0.007380 0.000000 -0.184455 0.368911 4.447253 0.000000 
0.000000 -0.036921 0.007384 0.000000 -0.184563 0.369126 4.464835 0.000000 
0.000000 -0.036943 0.007389 0.000000 -0.184670 0.369341 4.482864 0.000000 
0.000000 -0.036964 0.007393 0.000000 -0.184778 0.369555 4.501373 0.000000 
0.000000 -0.036986 0.007397 0.000000 -0.184885 0.369770 4.520353 0.000000 
0.000000 -0.037007 0.007401 0.000000 -0.184992 0.369984 4.539858 0.000000 
0.000000 -0.037028 0.007406 0.000000 -0.185099 0.370198 4.559910 0.000000 
0.000000 -0.037050 0.007410 0.000000 -0.185206 0.370413 4.580544 0.000000 
0.000000 -0.037071 0.007414 0.000000 -0.185313 0.370627 4.601789 0.000000 
0.000000 -0.037093 0.007419 0.000000 -0.185420 0.370841 4.623684 0.000000 
0.000000 -0.037114 0.007423 0.000000 -0.185527 0.371054 4.646286 0.000000 
0.000000 -0.037135 0.007427 0.000000 -0.185634 0.371268 4.669585 0.000000 
0.000000 -0.037157 0.007431 0.000000 -0.185741 0.371482 4.693675 0.000000 
0.000000 -0.037178 0.007436 0.000000 -0.185848 0.371695 4.718607 0.000000 
0.000000 -0.037200 0.007440 0.000000 -0.185954 0.371908 4.744429 0.000000 
0.000000 -0.037221 0.007444 0.000000 -0.186061 0.372122 4.771209 0.000000 
0.000000 -0.037242 0.007448 0.000000 -0.186167 0.372335 4.799016 0.000000 
0.000000 -0.037263 0.007453 0.000000 -0.186274 0.372548 4.827944 0.000000 
0.000000 -0.037285 0.007457 0.000000 -0.186380 0.372760 4.858073 0.000000 
0.000000 -0.037306 0.007461 0.000000 -0.186487 0.372973 4.889506 0.000000 
0.000000 -0.037327 0.007465 0.000000 -0.186593 0.373186 4.922355 0.000000 
0.000000 -0.037349 0.007470 0.000000 -0.186699 0.373398 4.956764 0.000000 
0.000000 -0.037370 0.007474 0.000000 -0.186805 0.373611 4.992879 0.000000 
0.000000 -0.037391 0.007478 0.000000 -0.186911 0.373823 5.030875 0.000000 
0.000000 -0.037412 0.007482 0.000000 -0.187017 0.374035 5.070961 0.000000 
0.000000 -0.037433 0.007487 0.000000 -0.187123 0.374247 5.113370 0.000000 
0.000000 -0.037455 0.007491 0.000000 -0.187229 0.374459 5.158386 0.000000 
0.000000 -0.037476 0.007495 0.000000 -0.187335 0.374670 5.206353 0.000000 
0.000000 -0.037497 0.007499 0.000000 -0.187441 0.374882 5.257671 0.000000 
0.000000 -0.037518 0.007504 0.000000 -0.187547 0.375094 5.312843 0.000000 
0.000000 -0.037539 0.007508 0.000000 -0.187652 0.375305 5.372482 0.000000 
0.000000 -0.037560 0.007512 0.000000 -0.187758 0.375516 5.437376 0.000000 
0.000000 -0.037581 0.007516 0.000000 -0.187864 0.375727 5.508515 0.000000 
0.000000 -0.037603 0.007521 0.000000 -0.187969 0.375938 5.587234 0.000000 
0.000000 -0.037624 0.007525 0.000000 -0.188075 0.376149 5.675323 0.000000 
0.000000 -0.037645 0.007529 0.000000 -0.188180 0.376360 5.775297 0.000000 
0.000000 -0.037666 0.007533 0.000000 -0.188285 0.376571 5.890826 0.000000 
0.000000 -0.037687 0.007537 0.000000 -0.188391 0.376781 6.027602 0.000000 
0.000000 -0.037708 0.007542 0.000000 -0.188496 0.376992 6.195229 0.000000 
0.000000 -0.037729 0.007546 0.000000 -0.188601 0.377202 6.411565 0.000000 
0.000000 -0.037750 0.007550 0.000000 -0.188706 0.377412 6.716876 0.000000 
0.000000 -0.037771 0.007554 0.000000 -0.188811 0.377622 7.239550 0.000000 
