0.024478 0.000000 0.000000 0.024444 0.000000 0.000000 4.911630 0.000000 
0.034617 0.000000 0.000000 0.034569 0.000000 0.000000 4.958265 0.000000 
0.042397 0.000000 0.000000 0.042338 0.000000 0.000000 5.006961 0.000000 
0.048956 0.000000 0.000000 0.048888 0.000000 0.000000 5.057919 0.000000 
0.054734 0.000000 0.000000 0.054658 0.000000 0.000000 5.111330 0.000000 
0.059958 0.000000 0.000000 0.059875 0.000000 0.000000 5.167419 0.000000 
0.064762 0.000000 0.000000 0.064672 0.000000 0.000000 5.226456 0.000000 
0.069234 0.000000 0.000000 0.069138 0.000000 0.000000 5.288739 0.000000 
0.073434 0.000000 0.000000 0.073332 0.000000 0.000000 5.354617 0.000000 
0.077406 0.000000 0.000000 0.077298 0.000000 0.000000 5.424500 0.000000 
0.081184 0.000000 0.000000 0.081071 0.000000 0.000000 5.498870 0.000000 
0.084794 0.000000 0.000000 0.084676 0.000000 0.000000 5.578278 0.000000 
0.088256 0.000000 0.000000 0.088134 0.000000 0.000000 5.663429 0.000000 
0.091588 0.000000 0.000000 0.091461 0.000000 0.000000 5.755165 0.000000 
0.094802 0.000000 0.000000 0.094671 0.000000 0.000000 5.854479 0.000000 
0.097912 0.000000 0.000000 0.097776 0.000000 0.000000 5.962665 0.000000 
0.100925 0.000000 0.000000 0.100785 0.000000 0.000000 6.081340 0.000000 
0.103851 0.000000 0.000000 0.103707 0.000000 0.000000 6.212590 0.000000 
0.106697 0.000000 0.000000 0.106549 0.000000 0.000000 6.359214 0.000000 
0.109469 0.000000 0.000000 0.109317 0.000000 0.000000 6.525027 0.000000 
0.112172 0.000000 0.000000 0.112016 0.000000 0.000000 6.715447 0.000000 
0.114812 0.000000 0.000000 0.114652 0.000000 0.000000 6.938520 0.000000 
0.117392 0.000000 0.000000 0.117229 0.000000 0.000000 7.206970 0.000000 
0.119917 0.000000 0.000000 0.119750 0.000000 0.000000 7.542617 0.000000 
0.122390 0.000000 0.000000 0.122220 0.000000 0.000000 7.987913 0.000000 
0.124813 0.000000 0.000000 0.124640 0.000000 0.000000 8.644050 0.000000 
0.127191 0.000000 0.000000 0.127015 0.000000 0.000000 9.882316 0.000000 
0.129525 0.000000 0.000000 0.129345 0.000000 0.000000 5.878985 0.000000 
0.131818 0.000000 0.000000 0.131635 0.000000 0.000000 4.534669 0.000000 
0.134071 0.000000 0.000000 0.133885 0.000000 0.000000 4.054919 0.000000 
0.136287 0.000000 0.000000 0.136098 0.000000 0.000000 3.754031 0.000000 
0.138468 0.000000 0.000000 0.138276 0.000000 0.000000 3.534007 0.000000 
0.140615 0.000000 0.000000 0.140420 0.000000 0.000000 3.360506 0.000000 
0.142730 0.000000 0.000000 0.142532 0.000000 0.000000 3.217365 0.000000 
0.144813 0.000000 0.000000 0.144612 0.000000 0.000000 3.095654 0.000000 
0.146867 0.000000 0.000000 0.146664 0.000000 0.000000 2.989906 0.000000 
0.148893 0.000000 0.000000 0.148687 0.000000 0.000000 2.896521 0.000000 
0.150892 0.000000 0.000000 0.150683 0.000000 0.000000 2.813004 0.000000 
0.152865 0.000000 0.000000 0.152653 0.000000 0.000000 2.737552 0.000000 
0.154812 0.000000 0.000000 0.154597 0.000000 0.000000 2.668811 0.000000 
0.156735 0.000000 0.000000 0.156518 0.000000 0.000000 2.605747 0.000000 
0.158635 0.000000 0.000000 0.158415 0.000000 0.000000 2.547548 0.000000 
0.160512 0.000000 0.000000 0.160290 0.000000 0.000000 2.493562 0.000000 
0.162368 0.000000 0.000000 0.162143 0.000000 0.000000 2.443263 0.000000 
0.164203 0.000000 0.000000 0.163975 0.000000 0.000000 2.396214 0.000000 
0.166017 0.000000 0.000000 0.165787 0.000000 0.000000 2.352055 0.000000 
0.167812 0.000000 0.000000 0.167580 0.000000 0.000000 2.310478 0.000000 
0.169588 0.000000 0.000000 0.169353 0.000000 0.000000 2.271225 0.000000 
0.171345 0.000000 0.000000 0.171108 0.000000 0.000000 2.234072 0.000000 
0.173085 0.000000 0.000000 0.172845 0.000000 0.000000 2.198827 0.000000 
0.174807 0.000000 0.000000 0.174565 0.000000 0.000000 2.165321 0.000000 
0.176513 0.000000 0.000000 0.176268 0.000000 0.000000 2.133408 0.000000 
0.178202 0.000000 0.000000 0.177955 0.000000 0.000000 2.102958 0.000000 
0.179875 0.000000 0.000000 0.179626 0.000000 0.000000 2.073857 0.000000 
0.181533 0.000000 0.000000 0.181282 0.000000 0.000000 2.046004 0.000000 
0.183176 0.000000 0.000000 0.182922 0.000000 0.000000 2.019307 0.000000 
0.184804 0.000000 0.000000 0.184548 0.000000 0.000000 1.993685 0.000000 
0.186418 0.000000 0.000000 0.186160 0.000000 0.000000 1.969063 0.000000 
0.188018 0.000000 0.000000 0.187758 0.000000 0.000000 1.945377 0.000000 
0.189605 0.000000 0.000000 0.189343 0.000000 0.000000 1.922564 0.000000 
0.191179 0.000000 0.000000 0.190914 0.000000 0.000000 1.900573 0.000000 
0.192739 0.000000 0.000000 0.192473 0.000000 0.000000 1.879350 0.000000 
0.194287 0.000000 0.000000 0.194019 0.000000 0.000000 1.858853 0.000000 
0.195823 0.000000 0.000000 0.195552 0.000000 0.000000 1.839039 0.000000 
0.197347 0.000000 0.000000 0.197074 0.000000 0.000000 1.819868 0.000000 
0.198860 0.000000 0.000000 0.198584 0.000000 0.000000 1.801307 0.000000 
0.200360 0.000000 0.000000 0.200083 0.000000 0.000000 1.783323 0.000000 
0.201850 0.000000 0.000000 0.201571 0.000000 0.000000 1.765884 0.000000 
0.203329 0.000000 0.000000 0.203048 0.000000 0.000000 1.748963 0.000000 
0.204797 0.000000 0.000000 0.204514 0.000000 0.000000 1.732535 0.000000 
0.206255 0.000000 0.000000 0.205969 0.000000 0.000000 1.716576 0.000000 
0.207702 0.000000 0.000000 0.207415 0.000000 0.000000 1.701064 0.000000 
0.209140 0.000000 0.000000 0.208850 0.000000 0.000000 1.685976 0.000000 
0.210567 0.000000 0.000000 0.210276 0.000000 0.000000 1.671293 0.000000 
0.211985 0.000000 0.000000 0.211692 0.000000 0.000000 1.656997 0.000000 
0.213394 0.000000 0.000000 0.213099 0.000000 0.000000 1.643071 0.000000 
0.214793 0.000000 0.000000 0.214496 0.000000 0.000000 1.629498 0.000000 
0.216183 0.000000 0.000000 0.215884 0.000000 0.000000 1.616265 0.000000 
0.217565 0.000000 0.000000 0.217264 0.000000 0.000000 1.603357 0.000000 
0.218937 0.000000 0.000000 0.218635 0.000000 0.000000 1.590759 0.000000 
0.220301 0.000000 0.000000 0.219997 0.000000 0.000000 1.578461 0.000000 
0.221657 0.000000 0.000000 0.221351 0.000000 0.000000 1.566449 0.000000 
0.223005 0.000000 0.000000 0.222696 0.000000 0.000000 1.554713 0.000000 
0.224344 0.000000 0.000000 0.224034 0.000000 0.000000 1.543243 0.000000 
0.225675 0.000000 0.000000 0.225363 0.000000 0.000000 1.532028 0.000000 
0.226999 0.000000 0.000000 0.226685 0.000000 0.000000 1.521058 0.000000 
0.228315 0.000000 0.000000 0.227999 0.000000 0.000000 1.510324 0.000000 
0.229623 0.000000 0.000000 0.229306 0.000000 0.000000 1.499819 0.000000 
0.230924 0.000000 0.000000 0.230605 0.000000 0.000000 1.489533 0.000000 
0.232218 0.000000 0.000000 0.231897 0.000000 0.000000 1.479460 0.000000 
0.233505 0.000000 0.000000 0.233182 0.000000 0.000000 1.469592 0.000000 
0.234784 0.000000 0.000000 0.234460 0.000000 0.000000 1.459922 0.000000 
0.236057 0.000000 0.000000 0.235731 0.000000 0.000000 1.450444 0.000000 
0.237322 0.000000 0.000000 0.236995 0.000000 0.000000 1.441150 0.000000 
0.238581 0.000000 0.000000 0.238252 0.000000 0.000000 1.432035 0.000000 
0.239834 0.000000 0.000000 0.239503 0.000000 0.000000 1.423094 0.000000 
0.241080 0.000000 0.000000 0.240747 0.000000 0.000000 1.414320 0.000000 
0.242319 0.000000 0.000000 0.241985 0.000000 0.000000 1.405709 0.000000 
0.243552 0.000000 0.000000 0.243216 0.000000 0.000000 1.397256 0.000000 
0.244779 0.000000 0.000000 0.244441 0.000000 0.000000 1.388955 0.000000 
0.246000 0.000000 0.000000 0.245661 0.000000 0.000000 1.380802 0.000000 
0.247215 0.000000 0.000000 0.246874 0.000000 0.000000 1.372793 0.000000 
0.248424 0.000000 0.000000 0.248081 0.000000 0.000000 1.364923 0.000000 
0.249627 0.000000 0.000000 0.249282 0.000000 0.000000 1.357189 0.000000 
0.250824 0.000000 0.000000 0.250478 0.000000 0.000000 1.349587 0.000000 
0.252016 0.000000 0.000000 0.251668 0.000000 0.000000 1.342112 0.000000 
0.253202 0.000000 0.000000 0.252852 0.000000 0.000000 1.334761 0.000000 
0.254382 0.000000 0.000000 0.254031 0.000000 0.000000 1.327532 0.000000 
0.255557 0.000000 0.000000 0.255205 0.000000 0.000000 1.320419 0.000000 
0.256727 0.000000 0.000000 0.256373 0.000000 0.000000 1.313421 0.000000 
0.257891 0.000000 0.000000 0.257535 0.000000 0.000000 1.306534 0.000000 
0.259050 0.000000 0.000000 0.258693 0.000000 0.000000 1.299756 0.000000 
0.260204 0.000000 0.000000 0.259845 0.000000 0.000000 1.293083 0.000000 
0.261353 0.000000 0.000000 0.260992 0.000000 0.000000 1.286512 0.000000 
0.262497 0.000000 0.000000 0.262135 0.000000 0.000000 1.280042 0.000000 
0.263636 0.000000 0.000000 0.263272 0.000000 0.000000 1.273670 0.000000 
0.264770 0.000000 0.000000 0.264404 0.000000 0.000000 1.267392 0.000000 
0.265899 0.000000 0.000000 0.265532 0.000000 0.000000 1.261207 0.000000 
0.267023 0.000000 0.000000 0.266655 0.000000 0.000000 1.255113 0.000000 
0.268143 0.000000 0.000000 0.267773 0.000000 0.000000 1.249107 0.000000 
0.269257 0.000000 0.000000 0.268886 0.000000 0.000000 1.243187 0.000000 
0.270368 0.000000 0.000000 0.269995 0.000000 0.000000 1.237351 0.000000 
0.271474 0.000000 0.000000 0.271099 0.000000 0.000000 1.231597 0.000000 
0.272575 0.000000 0.000000 0.272199 0.000000 0.000000 1.225924 0.000000 
0.273672 0.000000 0.000000 0.273294 0.000000 0.000000 1.220328 0.000000 
0.274764 0.000000 0.000000 0.274386 0.000000 0.000000 1.214809 0.000000 
0.275853 0.000000 0.000000 0.275472 0.000000 0.000000 1.209365 0.000000 
0.276936 0.000000 0.000000 0.276555 0.000000 0.000000 1.203995 0.000000 
0.278016 0.000000 0.000000 0.277633 0.000000 0.000000 1.198695 0.000000 
0.279092 0.000000 0.000000 0.278707 0.000000 0.000000 1.193465 0.000000 
0.280163 0.000000 0.000000 0.279777 0.000000 0.000000 1.188304 0.000000 
0.281230 0.000000 0.000000 0.280843 0.000000 0.000000 1.183210 0.000000 
0.282294 0.000000 0.000000 0.281905 0.000000 0.000000 1.178181 0.000000 
0.283353 0.000000 0.000000 0.282962 0.000000 0.000000 1.173216 0.000000 
0.284408 0.000000 0.000000 0.284016 0.000000 0.000000 1.168313 0.000000 
0.285460 0.000000 0.000000 0.285066 0.000000 0.000000 1.163472 0.000000 
0.286507 0.000000 0.000000 0.286112 0.000000 0.000000 1.158691 0.000000 
0.287551 0.000000 0.000000 0.287155 0.000000 0.000000 1.153969 0.000000 
0.288591 0.000000 0.000000 0.288193 0.000000 0.000000 1.149305 0.000000 
0.289627 0.000000 0.000000 0.289228 0.000000 0.000000 1.144697 0.000000 
0.290660 0.000000 0.000000 0.290259 0.000000 0.000000 1.140144 0.000000 
0.291689 0.000000 0.000000 0.291287 0.000000 0.000000 1.135646 0.000000 
0.292714 0.000000 0.000000 0.292311 0.000000 0.000000 1.131200 0.000000 
0.293736 0.000000 0.000000 0.293331 0.000000 0.000000 1.126807 0.000000 
0.294754 0.000000 0.000000 0.294348 0.000000 0.000000 1.122465 0.000000 
0.295768 0.000000 0.000000 0.295361 0.000000 0.000000 1.118173 0.000000 
0.296780 0.000000 0.000000 0.296371 0.000000 0.000000 1.113930 0.000000 
0.297787 0.000000 0.000000 0.297377 0.000000 0.000000 1.109735 0.000000 
0.298792 0.000000 0.000000 0.298380 0.000000 0.000000 1.105587 0.000000 
0.299793 0.000000 0.000000 0.299380 0.000000 0.000000 1.101486 0.000000 
0.300790 0.000000 0.000000 0.300376 0.000000 0.000000 1.097431 0.000000 
0.301785 0.000000 0.000000 0.301369 0.000000 0.000000 1.093420 0.000000 
0.302776 0.000000 0.000000 0.302359 0.000000 0.000000 1.089453 0.000000 
0.303764 0.000000 0.000000 0.303345 0.000000 0.000000 1.085529 0.000000 
0.304748 0.000000 0.000000 0.304329 0.000000 0.000000 1.081647 0.000000 
0.305730 0.000000 0.000000 0.305309 0.000000 0.000000 1.077807 0.000000 
0.306708 0.000000 0.000000 0.306286 0.000000 0.000000 1.074008 0.000000 
0.307683 0.000000 0.000000 0.307260 0.000000 0.000000 1.070249 0.000000 
0.308655 0.000000 0.000000 0.308231 0.000000 0.000000 1.066529 0.000000 
0.309625 0.000000 0.000000 0.309199 0.000000 0.000000 1.062848 0.000000 
0.310591 0.000000 0.000000 0.310163 0.000000 0.000000 1.059205 0.000000 
0.311554 0.000000 0.000000 0.311125 0.000000 0.000000 1.055599 0.000000 
0.312514 0.000000 0.000000 0.312084 0.000000 0.000000 1.052031 0.000000 
0.313471 0.000000 0.000000 0.313040 0.000000 0.000000 1.048498 0.000000 
0.314425 0.000000 0.000000 0.313993 0.000000 0.000000 1.045000 0.000000 
0.315377 0.000000 0.000000 0.314943 0.000000 0.000000 1.041538 0.000000 
0.316325 0.000000 0.000000 0.315890 0.000000 0.000000 1.038110 0.000000 
0.317271 0.000000 0.000000 0.316834 0.000000 0.000000 1.034715 0.000000 
0.318214 0.000000 0.000000 0.317776 0.000000 0.000000 1.031354 0.000000 
0.319154 0.000000 0.000000 0.318715 0.000000 0.000000 1.028026 0.000000 
0.320091 0.000000 0.000000 0.319651 0.000000 0.000000 1.024730 0.000000 
0.321026 0.000000 0.000000 0.320584 0.000000 0.000000 1.021465 0.000000 
0.321958 0.000000 0.000000 0.321515 0.000000 0.000000 1.018231 0.000000 
0.322887 0.000000 0.000000 0.322443 0.000000 0.000000 1.015028 0.000000 
0.323813 0.000000 0.000000 0.323368 0.000000 0.000000 1.011856 0.000000 
0.324737 0.000000 0.000000 0.324291 0.000000 0.000000 1.008713 0.000000 
0.325658 0.000000 0.000000 0.325211 0.000000 0.000000 1.005599 0.000000 
0.326577 0.000000 0.000000 0.326128 0.000000 0.000000 1.002513 0.000000 
0.327493 0.000000 0.000000 0.327043 0.000000 0.000000 0.999457 0.000000 
0.328407 0.000000 0.000000 0.327955 0.000000 0.000000 0.996428 0.000000 
0.329318 0.000000 0.000000 0.328865 0.000000 0.000000 0.993426 0.000000 
0.330226 0.000000 0.000000 0.329772 0.000000 0.000000 0.990452 0.000000 
0.331132 0.000000 0.000000 0.330677 0.000000 0.000000 0.987504 0.000000 
0.332036 0.000000 0.000000 0.331579 0.000000 0.000000 0.984583 0.000000 
0.332937 0.000000 0.000000 0.332479 0.000000 0.000000 0.981687 0.000000 
0.333835 0.000000 0.000000 0.333377 0.000000 0.000000 0.978817 0.000000 
0.334731 0.000000 0.000000 0.334272 0.000000 0.000000 0.975972 0.000000 
0.335625 0.000000 0.000000 0.335164 0.000000 0.000000 0.973152 0.000000 
0.336517 0.000000 0.000000 0.336054 0.000000 0.000000 0.970356 0.000000 
0.337406 0.000000 0.000000 0.336942 0.000000 0.000000 0.967584 0.000000 
0.338293 0.000000 0.000000 0.337828 0.000000 0.000000 0.964836 0.000000 
0.339177 0.000000 0.000000 0.338711 0.000000 0.000000 0.962111 0.000000 
0.340059 0.000000 0.000000 0.339592 0.000000 0.000000 0.959409 0.000000 
0.340939 0.000000 0.000000 0.340471 0.000000 0.000000 0.956730 0.000000 
0.341817 0.000000 0.000000 0.341347 0.000000 0.000000 0.954073 0.000000 
0.342692 0.000000 0.000000 0.342221 0.000000 0.000000 0.951439 0.000000 
0.343565 0.000000 0.000000 0.343093 0.000000 0.000000 0.948826 0.000000 
0.344436 0.000000 0.000000 0.343963 0.000000 0.000000 0.946234 0.000000 
0.345305 0.000000 0.000000 0.344831 0.000000 0.000000 0.943664 0.000000 
0.346171 0.000000 0.000000 0.345696 0.000000 0.000000 0.941115 0.000000 
0.347035 0.000000 0.000000 0.346559 0.000000 0.000000 0.938586 0.000000 
0.347898 0.000000 0.000000 0.347420 0.000000 0.000000 0.936078 0.000000 
0.348758 0.000000 0.000000 0.348279 0.000000 0.000000 0.933589 0.000000 
0.349616 0.000000 0.000000 0.349136 0.000000 0.000000 0.931121 0.000000 
0.350472 0.000000 0.000000 0.349991 0.000000 0.000000 0.928672 0.000000 
0.351325 0.000000 0.000000 0.350843 0.000000 0.000000 0.926242 0.000000 
0.352177 0.000000 0.000000 0.351694 0.000000 0.000000 0.923831 0.000000 
0.353027 0.000000 0.000000 0.352542 0.000000 0.000000 0.921439 0.000000 
0.353874 0.000000 0.000000 0.353389 0.000000 0.000000 0.919066 0.000000 
0.354720 0.000000 0.000000 0.354233 0.000000 0.000000 0.916711 0.000000 
0.355563 0.000000 0.000000 0.355076 0.000000 0.000000 0.914374 0.000000 
0.356405 0.000000 0.000000 0.355916 0.000000 0.000000 0.912054 0.000000 
0.357245 0.000000 0.000000 0.356755 0.000000 0.000000 0.909753 0.000000 
0.358082 0.000000 0.000000 0.357591 0.000000 0.000000 0.907469 0.000000 
0.358918 0.000000 0.000000 0.358426 0.000000 0.000000 0.905201 0.000000 
0.359752 0.000000 0.000000 0.359258 0.000000 0.000000 0.902951 0.000000 
0.360583 0.000000 0.000000 0.360089 0.000000 0.000000 0.900718 0.000000 
0.361413 0.000000 0.000000 0.360918 0.000000 0.000000 0.898501 0.000000 
0.362241 0.000000 0.000000 0.361745 0.000000 0.000000 0.896301 0.000000 
0.363067 0.000000 0.000000 0.362570 0.000000 0.000000 0.894116 0.000000 
0.363892 0.000000 0.000000 0.363393 0.000000 0.000000 0.891948 0.000000 
0.364714 0.000000 0.000000 0.364214 0.000000 0.000000 0.889795 0.000000 
0.365535 0.000000 0.000000 0.365033 0.000000 0.000000 0.887658 0.000000 
0.366353 0.000000 0.000000 0.365851 0.000000 0.000000 0.885536 0.000000 
0.367170 0.000000 0.000000 0.366667 0.000000 0.000000 0.883429 0.000000 
0.367985 0.000000 0.000000 0.367481 0.000000 0.000000 0.881337 0.000000 
0.368798 0.000000 0.000000 0.368293 0.000000 0.000000 0.879261 0.000000 
0.369610 0.000000 0.000000 0.369103 0.000000 0.000000 0.877198 0.000000 
0.370419 0.000000 0.000000 0.369912 0.000000 0.000000 0.875151 0.000000 
0.371227 0.000000 0.000000 0.370719 0.000000 0.000000 0.873117 0.000000 
0.372034 0.000000 0.000000 0.371524 0.000000 0.000000 0.871098 0.000000 
0.372838 0.000000 0.000000 0.372327 0.000000 0.000000 0.869092 0.000000 
0.373641 0.000000 0.000000 0.373129 0.000000 0.000000 0.867101 0.000000 
0.374442 0.000000 0.000000 0.373929 0.000000 0.000000 0.865123 0.000000 
0.375241 0.000000 0.000000 0.374727 0.000000 0.000000 0.863159 0.000000 
0.376038 0.000000 0.000000 0.375523 0.000000 0.000000 0.861208 0.000000 
0.376834 0.000000 0.000000 0.376318 0.000000 0.000000 0.859270 0.000000 
0.377628 0.000000 0.000000 0.377111 0.000000 0.000000 0.857345 0.000000 
0.378421 0.000000 0.000000 0.377903 0.000000 0.000000 0.855433 0.000000 
0.379212 0.000000 0.000000 0.378692 0.000000 0.000000 0.853534 0.000000 
0.380001 0.000000 0.000000 0.379481 0.000000 0.000000 0.851648 0.000000 
0.380789 0.000000 0.000000 0.380267 0.000000 0.000000 0.849774 0.000000 
0.381574 0.000000 0.000000 0.381052 0.000000 0.000000 0.847912 0.000000 
0.382359 0.000000 0.000000 0.381835 0.000000 0.000000 0.846062 0.000000 
0.383142 0.000000 0.000000 0.382617 0.000000 0.000000 0.844225 0.000000 
0.383923 0.000000 0.000000 0.383397 0.000000 0.000000 0.842400 0.000000 
0.384702 0.000000 0.000000 0.384176 0.000000 0.000000 0.840586 0.000000 
0.385480 0.000000 0.000000 0.384953 0.000000 0.000000 0.838784 0.000000 
0.386257 0.000000 0.000000 0.385728 0.000000 0.000000 0.836994 0.000000 
